1095
0.00 15.738
86400.00 15.581
172800.00 15.423
259200.00 15.263
345600.00 15.101
432000.00 14.939
518400.00 14.775
604800.00 14.61
691200.00 14.444
777600.00 14.277
864000.00 14.109
950400.00 13.94
1036800.00 13.77
1123200.00 13.599
1209600.00 13.427
1296000.00 13.254
1382400.00 13.081
1468800.00 12.907
1555200.00 12.732
1641600.00 12.557
1728000.00 12.381
1814400.00 12.205
1900800.00 12.029
1987200.00 11.852
2073600.00 11.674
2160000.00 11.497
2246400.00 11.319
2332800.00 11.141
2419200.00 10.963
2505600.00 10.785
2592000.00 10.607
2678400.00 10.429
2764800.00 10.251
2851200.00 10.073
2937600.00 9.896
3024000.00 9.718
3110400.00 9.541
3196800.00 9.365
3283200.00 9.188
3369600.00 9.013
3456000.00 8.838
3542400.00 8.663
3628800.00 8.489
3715200.00 8.316
3801600.00 8.143
3888000.00 7.971
3974400.00 7.8
4060800.00 7.63
4147200.00 7.461
4233600.00 7.293
4320000.00 7.126
4406400.00 6.96
4492800.00 6.795
4579200.00 6.631
4665600.00 6.468
4752000.00 6.307
4838400.00 6.147
4924800.00 5.989
5011200.00 5.832
5097600.00 5.676
5184000.00 5.522
5270400.00 5.369
5356800.00 5.218
5443200.00 5.069
5529600.00 4.921
5616000.00 4.775
5702400.00 4.631
5788800.00 4.489
5875200.00 4.348
5961600.00 4.21
6048000.00 4.073
6134400.00 3.939
6220800.00 3.806
6307200.00 3.676
6393600.00 3.547
6480000.00 3.421
6566400.00 3.297
6652800.00 3.175
6739200.00 3.055
6825600.00 2.938
6912000.00 2.823
6998400.00 2.71
7084800.00 2.6
7171200.00 2.492
7257600.00 2.387
7344000.00 2.284
7430400.00 2.183
7516800.00 2.085
7603200.00 1.99
7689600.00 1.897
7776000.00 1.807
7862400.00 1.72
7948800.00 1.635
8035200.00 1.553
8121600.00 1.474
8208000.00 1.398
8294400.00 1.324
8380800.00 1.253
8467200.00 1.185
8553600.00 1.119
8640000.00 1.057
8726400.00 0.998
8812800.00 0.941
8899200.00 0.874
8985600.00 0.824
9072000.00 0.777
9158400.00 0.733
9244800.00 0.692
9331200.00 0.653
9417600.00 0.618
9504000.00 0.586
9590400.00 0.557
9676800.00 0.531
9763200.00 0.508
9849600.00 0.488
9936000.00 0.471
10022400.00 0.457
10108800.00 0.446
10195200.00 0.438
10281600.00 0.433
10368000.00 0.431
10454400.00 0.433
10540800.00 0.437
10627200.00 0.444
10713600.00 0.455
10800000.00 0.469
10886400.00 0.485
10972800.00 0.505
11059200.00 0.528
11145600.00 0.553
11232000.00 0.582
11318400.00 0.614
11404800.00 0.649
11491200.00 0.686
11577600.00 0.727
11664000.00 0.771
11750400.00 0.818
11836800.00 0.867
11923200.00 0.92
12009600.00 0.976
12096000.00 1.034
12182400.00 1.095
12268800.00 1.16
12355200.00 1.227
12441600.00 1.297
12528000.00 1.369
12614400.00 1.445
12700800.00 1.523
12787200.00 1.604
12873600.00 1.688
12960000.00 1.774
13046400.00 1.863
13132800.00 1.955
13219200.00 2.049
13305600.00 2.146
13392000.00 2.245
13478400.00 2.347
13564800.00 2.452
13651200.00 2.559
13737600.00 2.668
13824000.00 2.78
13910400.00 2.894
13996800.00 3.01
14083200.00 3.129
14169600.00 3.25
14256000.00 3.373
14342400.00 3.499
14428800.00 3.626
14515200.00 3.756
14601600.00 3.888
14688000.00 4.022
14774400.00 4.158
14860800.00 4.295
14947200.00 4.435
15033600.00 4.577
15120000.00 4.72
15206400.00 4.866
15292800.00 5.012
15379200.00 5.161
15465600.00 5.312
15552000.00 5.464
15638400.00 5.617
15724800.00 5.772
15811200.00 5.929
15897600.00 6.087
15984000.00 6.246
16070400.00 6.407
16156800.00 6.569
16243200.00 6.732
16329600.00 6.897
16416000.00 7.062
16502400.00 7.229
16588800.00 7.397
16675200.00 7.566
16761600.00 7.735
16848000.00 7.906
16934400.00 8.078
17020800.00 8.25
17107200.00 8.423
17193600.00 8.597
17280000.00 8.771
17366400.00 8.946
17452800.00 9.122
17539200.00 9.298
17625600.00 9.474
17712000.00 9.651
17798400.00 9.828
17884800.00 10.006
17971200.00 10.183
18057600.00 10.361
18144000.00 10.539
18230400.00 10.717
18316800.00 10.895
18403200.00 11.073
18489600.00 11.251
18576000.00 11.429
18662400.00 11.607
18748800.00 11.784
18835200.00 11.961
18921600.00 12.138
19008000.00 12.315
19094400.00 12.49
19180800.00 12.666
19267200.00 12.841
19353600.00 13.015
19440000.00 13.188
19526400.00 13.361
19612800.00 13.533
19699200.00 13.705
19785600.00 13.875
19872000.00 14.045
19958400.00 14.213
20044800.00 14.381
20131200.00 14.547
20217600.00 14.713
20304000.00 14.877
20390400.00 15.04
20476800.00 15.202
20563200.00 15.362
20649600.00 15.521
20736000.00 15.679
20822400.00 15.835
20908800.00 15.99
20995200.00 16.143
21081600.00 16.294
21168000.00 16.444
21254400.00 16.593
21340800.00 16.739
21427200.00 16.884
21513600.00 17.027
21600000.00 17.168
21686400.00 17.307
21772800.00 17.445
21859200.00 17.58
21945600.00 17.713
22032000.00 17.845
22118400.00 17.974
22204800.00 18.101
22291200.00 18.226
22377600.00 18.349
22464000.00 18.469
22550400.00 18.587
22636800.00 18.703
22723200.00 18.817
22809600.00 18.928
22896000.00 19.037
22982400.00 19.143
23068800.00 19.247
23155200.00 19.348
23241600.00 19.447
23328000.00 19.543
23414400.00 19.637
23500800.00 19.728
23587200.00 19.816
23673600.00 19.902
23760000.00 19.985
23846400.00 20.066
23932800.00 20.143
24019200.00 20.218
24105600.00 20.29
24192000.00 20.359
24278400.00 20.425
24364800.00 20.489
24451200.00 20.549
24537600.00 20.607
24624000.00 20.662
24710400.00 20.714
24796800.00 20.763
24883200.00 20.809
24969600.00 20.852
25056000.00 20.892
25142400.00 20.929
25228800.00 20.963
25315200.00 20.994
25401600.00 21.022
25488000.00 21.047
25574400.00 21.069
25660800.00 21.088
25747200.00 21.104
25833600.00 21.117
25920000.00 21.127
26006400.00 21.133
26092800.00 21.137
26179200.00 21.138
26265600.00 21.135
26352000.00 21.13
26438400.00 21.121
26524800.00 21.109
26611200.00 21.095
26697600.00 21.077
26784000.00 21.056
26870400.00 21.032
26956800.00 21.005
27043200.00 20.975
27129600.00 20.942
27216000.00 20.906
27302400.00 20.868
27388800.00 20.826
27475200.00 20.781
27561600.00 20.733
27648000.00 20.682
27734400.00 20.628
27820800.00 20.572
27907200.00 20.512
27993600.00 20.45
28080000.00 20.385
28166400.00 20.316
28252800.00 20.246
28339200.00 20.172
28425600.00 20.095
28512000.00 20.016
28598400.00 19.934
28684800.00 19.849
28771200.00 19.762
28857600.00 19.672
28944000.00 19.579
29030400.00 19.484
29116800.00 19.386
29203200.00 19.286
29289600.00 19.183
29376000.00 19.078
29462400.00 18.97
29548800.00 18.859
29635200.00 18.747
29721600.00 18.632
29808000.00 18.514
29894400.00 18.395
29980800.00 18.273
30067200.00 18.149
30153600.00 18.023
30240000.00 17.894
30326400.00 17.764
30412800.00 17.631
30499200.00 17.496
30585600.00 17.36
30672000.00 17.221
30758400.00 17.081
30844800.00 16.939
30931200.00 16.794
31017600.00 16.649
31104000.00 16.501
31190400.00 16.352
31276800.00 16.201
31363200.00 16.048
31449600.00 15.894
31536000.00 15.738
31622400.00 15.581
31708800.00 15.423
31795200.00 15.263
31881600.00 15.101
31968000.00 14.939
32054400.00 14.775
32140800.00 14.61
32227200.00 14.444
32313600.00 14.277
32400000.00 14.109
32486400.00 13.94
32572800.00 13.77
32659200.00 13.599
32745600.00 13.427
32832000.00 13.254
32918400.00 13.081
33004800.00 12.907
33091200.00 12.732
33177600.00 12.557
33264000.00 12.381
33350400.00 12.205
33436800.00 12.029
33523200.00 11.852
33609600.00 11.674
33696000.00 11.497
33782400.00 11.319
33868800.00 11.141
33955200.00 10.963
34041600.00 10.785
34128000.00 10.607
34214400.00 10.429
34300800.00 10.251
34387200.00 10.073
34473600.00 9.896
34560000.00 9.718
34646400.00 9.541
34732800.00 9.365
34819200.00 9.188
34905600.00 9.013
34992000.00 8.838
35078400.00 8.663
35164800.00 8.489
35251200.00 8.316
35337600.00 8.143
35424000.00 7.971
35510400.00 7.8
35596800.00 7.63
35683200.00 7.461
35769600.00 7.293
35856000.00 7.126
35942400.00 6.96
36028800.00 6.795
36115200.00 6.631
36201600.00 6.468
36288000.00 6.307
36374400.00 6.147
36460800.00 5.989
36547200.00 5.832
36633600.00 5.676
36720000.00 5.522
36806400.00 5.369
36892800.00 5.218
36979200.00 5.069
37065600.00 4.921
37152000.00 4.775
37238400.00 4.631
37324800.00 4.489
37411200.00 4.348
37497600.00 4.21
37584000.00 4.073
37670400.00 3.939
37756800.00 3.806
37843200.00 3.676
37929600.00 3.547
38016000.00 3.421
38102400.00 3.297
38188800.00 3.175
38275200.00 3.055
38361600.00 2.938
38448000.00 2.823
38534400.00 2.71
38620800.00 2.6
38707200.00 2.492
38793600.00 2.387
38880000.00 2.284
38966400.00 2.183
39052800.00 2.085
39139200.00 1.99
39225600.00 1.897
39312000.00 1.807
39398400.00 1.72
39484800.00 1.635
39571200.00 1.553
39657600.00 1.474
39744000.00 1.398
39830400.00 1.324
39916800.00 1.253
40003200.00 1.185
40089600.00 1.119
40176000.00 1.057
40262400.00 0.998
40348800.00 0.941
40435200.00 0.874
40521600.00 0.824
40608000.00 0.777
40694400.00 0.733
40780800.00 0.692
40867200.00 0.653
40953600.00 0.618
41040000.00 0.586
41126400.00 0.557
41212800.00 0.531
41299200.00 0.508
41385600.00 0.488
41472000.00 0.471
41558400.00 0.457
41644800.00 0.446
41731200.00 0.438
41817600.00 0.433
41904000.00 0.431
41990400.00 0.433
42076800.00 0.437
42163200.00 0.444
42249600.00 0.455
42336000.00 0.469
42422400.00 0.485
42508800.00 0.505
42595200.00 0.528
42681600.00 0.553
42768000.00 0.582
42854400.00 0.614
42940800.00 0.649
43027200.00 0.686
43113600.00 0.727
43200000.00 0.771
43286400.00 0.818
43372800.00 0.867
43459200.00 0.92
43545600.00 0.976
43632000.00 1.034
43718400.00 1.095
43804800.00 1.16
43891200.00 1.227
43977600.00 1.297
44064000.00 1.369
44150400.00 1.445
44236800.00 1.523
44323200.00 1.604
44409600.00 1.688
44496000.00 1.774
44582400.00 1.863
44668800.00 1.955
44755200.00 2.049
44841600.00 2.146
44928000.00 2.245
45014400.00 2.347
45100800.00 2.452
45187200.00 2.559
45273600.00 2.668
45360000.00 2.78
45446400.00 2.894
45532800.00 3.01
45619200.00 3.129
45705600.00 3.25
45792000.00 3.373
45878400.00 3.499
45964800.00 3.626
46051200.00 3.756
46137600.00 3.888
46224000.00 4.022
46310400.00 4.158
46396800.00 4.295
46483200.00 4.435
46569600.00 4.577
46656000.00 4.72
46742400.00 4.866
46828800.00 5.012
46915200.00 5.161
47001600.00 5.312
47088000.00 5.464
47174400.00 5.617
47260800.00 5.772
47347200.00 5.929
47433600.00 6.087
47520000.00 6.246
47606400.00 6.407
47692800.00 6.569
47779200.00 6.732
47865600.00 6.897
47952000.00 7.062
48038400.00 7.229
48124800.00 7.397
48211200.00 7.566
48297600.00 7.735
48384000.00 7.906
48470400.00 8.078
48556800.00 8.25
48643200.00 8.423
48729600.00 8.597
48816000.00 8.771
48902400.00 8.946
48988800.00 9.122
49075200.00 9.298
49161600.00 9.474
49248000.00 9.651
49334400.00 9.828
49420800.00 10.006
49507200.00 10.183
49593600.00 10.361
49680000.00 10.539
49766400.00 10.717
49852800.00 10.895
49939200.00 11.073
50025600.00 11.251
50112000.00 11.429
50198400.00 11.607
50284800.00 11.784
50371200.00 11.961
50457600.00 12.138
50544000.00 12.315
50630400.00 12.49
50716800.00 12.666
50803200.00 12.841
50889600.00 13.015
50976000.00 13.188
51062400.00 13.361
51148800.00 13.533
51235200.00 13.705
51321600.00 13.875
51408000.00 14.045
51494400.00 14.213
51580800.00 14.381
51667200.00 14.547
51753600.00 14.713
51840000.00 14.877
51926400.00 15.04
52012800.00 15.202
52099200.00 15.362
52185600.00 15.521
52272000.00 15.679
52358400.00 15.835
52444800.00 15.99
52531200.00 16.143
52617600.00 16.294
52704000.00 16.444
52790400.00 16.593
52876800.00 16.739
52963200.00 16.884
53049600.00 17.027
53136000.00 17.168
53222400.00 17.307
53308800.00 17.445
53395200.00 17.58
53481600.00 17.713
53568000.00 17.845
53654400.00 17.974
53740800.00 18.101
53827200.00 18.226
53913600.00 18.349
54000000.00 18.469
54086400.00 18.587
54172800.00 18.703
54259200.00 18.817
54345600.00 18.928
54432000.00 19.037
54518400.00 19.143
54604800.00 19.247
54691200.00 19.348
54777600.00 19.447
54864000.00 19.543
54950400.00 19.637
55036800.00 19.728
55123200.00 19.816
55209600.00 19.902
55296000.00 19.985
55382400.00 20.066
55468800.00 20.143
55555200.00 20.218
55641600.00 20.29
55728000.00 20.359
55814400.00 20.425
55900800.00 20.489
55987200.00 20.549
56073600.00 20.607
56160000.00 20.662
56246400.00 20.714
56332800.00 20.763
56419200.00 20.809
56505600.00 20.852
56592000.00 20.892
56678400.00 20.929
56764800.00 20.963
56851200.00 20.994
56937600.00 21.022
57024000.00 21.047
57110400.00 21.069
57196800.00 21.088
57283200.00 21.104
57369600.00 21.117
57456000.00 21.127
57542400.00 21.133
57628800.00 21.137
57715200.00 21.138
57801600.00 21.135
57888000.00 21.13
57974400.00 21.121
58060800.00 21.109
58147200.00 21.095
58233600.00 21.077
58320000.00 21.056
58406400.00 21.032
58492800.00 21.005
58579200.00 20.975
58665600.00 20.942
58752000.00 20.906
58838400.00 20.868
58924800.00 20.826
59011200.00 20.781
59097600.00 20.733
59184000.00 20.682
59270400.00 20.628
59356800.00 20.572
59443200.00 20.512
59529600.00 20.45
59616000.00 20.385
59702400.00 20.316
59788800.00 20.246
59875200.00 20.172
59961600.00 20.095
60048000.00 20.016
60134400.00 19.934
60220800.00 19.849
60307200.00 19.762
60393600.00 19.672
60480000.00 19.579
60566400.00 19.484
60652800.00 19.386
60739200.00 19.286
60825600.00 19.183
60912000.00 19.078
60998400.00 18.97
61084800.00 18.859
61171200.00 18.747
61257600.00 18.632
61344000.00 18.514
61430400.00 18.395
61516800.00 18.273
61603200.00 18.149
61689600.00 18.023
61776000.00 17.894
61862400.00 17.764
61948800.00 17.631
62035200.00 17.496
62121600.00 17.36
62208000.00 17.221
62294400.00 17.081
62380800.00 16.939
62467200.00 16.794
62553600.00 16.649
62640000.00 16.501
62726400.00 16.352
62812800.00 16.201
62899200.00 16.048
62985600.00 15.894
63072000.00 15.738
63158400.00 15.581
63244800.00 15.423
63331200.00 15.263
63417600.00 15.101
63504000.00 14.939
63590400.00 14.775
63676800.00 14.61
63763200.00 14.444
63849600.00 14.277
63936000.00 14.109
64022400.00 13.94
64108800.00 13.77
64195200.00 13.599
64281600.00 13.427
64368000.00 13.254
64454400.00 13.081
64540800.00 12.907
64627200.00 12.732
64713600.00 12.557
64800000.00 12.381
64886400.00 12.205
64972800.00 12.029
65059200.00 11.852
65145600.00 11.674
65232000.00 11.497
65318400.00 11.319
65404800.00 11.141
65491200.00 10.963
65577600.00 10.785
65664000.00 10.607
65750400.00 10.429
65836800.00 10.251
65923200.00 10.073
66009600.00 9.896
66096000.00 9.718
66182400.00 9.541
66268800.00 9.365
66355200.00 9.188
66441600.00 9.013
66528000.00 8.838
66614400.00 8.663
66700800.00 8.489
66787200.00 8.316
66873600.00 8.143
66960000.00 7.971
67046400.00 7.8
67132800.00 7.63
67219200.00 7.461
67305600.00 7.293
67392000.00 7.126
67478400.00 6.96
67564800.00 6.795
67651200.00 6.631
67737600.00 6.468
67824000.00 6.307
67910400.00 6.147
67996800.00 5.989
68083200.00 5.832
68169600.00 5.676
68256000.00 5.522
68342400.00 5.369
68428800.00 5.218
68515200.00 5.069
68601600.00 4.921
68688000.00 4.775
68774400.00 4.631
68860800.00 4.489
68947200.00 4.348
69033600.00 4.21
69120000.00 4.073
69206400.00 3.939
69292800.00 3.806
69379200.00 3.676
69465600.00 3.547
69552000.00 3.421
69638400.00 3.297
69724800.00 3.175
69811200.00 3.055
69897600.00 2.938
69984000.00 2.823
70070400.00 2.71
70156800.00 2.6
70243200.00 2.492
70329600.00 2.387
70416000.00 2.284
70502400.00 2.183
70588800.00 2.085
70675200.00 1.99
70761600.00 1.897
70848000.00 1.807
70934400.00 1.72
71020800.00 1.635
71107200.00 1.553
71193600.00 1.474
71280000.00 1.398
71366400.00 1.324
71452800.00 1.253
71539200.00 1.185
71625600.00 1.119
71712000.00 1.057
71798400.00 0.998
71884800.00 0.941
71971200.00 0.874
72057600.00 0.824
72144000.00 0.777
72230400.00 0.733
72316800.00 0.692
72403200.00 0.653
72489600.00 0.618
72576000.00 0.586
72662400.00 0.557
72748800.00 0.531
72835200.00 0.508
72921600.00 0.488
73008000.00 0.471
73094400.00 0.457
73180800.00 0.446
73267200.00 0.438
73353600.00 0.433
73440000.00 0.431
73526400.00 0.433
73612800.00 0.437
73699200.00 0.444
73785600.00 0.455
73872000.00 0.469
73958400.00 0.485
74044800.00 0.505
74131200.00 0.528
74217600.00 0.553
74304000.00 0.582
74390400.00 0.614
74476800.00 0.649
74563200.00 0.686
74649600.00 0.727
74736000.00 0.771
74822400.00 0.818
74908800.00 0.867
74995200.00 0.92
75081600.00 0.976
75168000.00 1.034
75254400.00 1.095
75340800.00 1.16
75427200.00 1.227
75513600.00 1.297
75600000.00 1.369
75686400.00 1.445
75772800.00 1.523
75859200.00 1.604
75945600.00 1.688
76032000.00 1.774
76118400.00 1.863
76204800.00 1.955
76291200.00 2.049
76377600.00 2.146
76464000.00 2.245
76550400.00 2.347
76636800.00 2.452
76723200.00 2.559
76809600.00 2.668
76896000.00 2.78
76982400.00 2.894
77068800.00 3.01
77155200.00 3.129
77241600.00 3.25
77328000.00 3.373
77414400.00 3.499
77500800.00 3.626
77587200.00 3.756
77673600.00 3.888
77760000.00 4.022
77846400.00 4.158
77932800.00 4.295
78019200.00 4.435
78105600.00 4.577
78192000.00 4.72
78278400.00 4.866
78364800.00 5.012
78451200.00 5.161
78537600.00 5.312
78624000.00 5.464
78710400.00 5.617
78796800.00 5.772
78883200.00 5.929
78969600.00 6.087
79056000.00 6.246
79142400.00 6.407
79228800.00 6.569
79315200.00 6.732
79401600.00 6.897
79488000.00 7.062
79574400.00 7.229
79660800.00 7.397
79747200.00 7.566
79833600.00 7.735
79920000.00 7.906
80006400.00 8.078
80092800.00 8.25
80179200.00 8.423
80265600.00 8.597
80352000.00 8.771
80438400.00 8.946
80524800.00 9.122
80611200.00 9.298
80697600.00 9.474
80784000.00 9.651
80870400.00 9.828
80956800.00 10.006
81043200.00 10.183
81129600.00 10.361
81216000.00 10.539
81302400.00 10.717
81388800.00 10.895
81475200.00 11.073
81561600.00 11.251
81648000.00 11.429
81734400.00 11.607
81820800.00 11.784
81907200.00 11.961
81993600.00 12.138
82080000.00 12.315
82166400.00 12.49
82252800.00 12.666
82339200.00 12.841
82425600.00 13.015
82512000.00 13.188
82598400.00 13.361
82684800.00 13.533
82771200.00 13.705
82857600.00 13.875
82944000.00 14.045
83030400.00 14.213
83116800.00 14.381
83203200.00 14.547
83289600.00 14.713
83376000.00 14.877
83462400.00 15.04
83548800.00 15.202
83635200.00 15.362
83721600.00 15.521
83808000.00 15.679
83894400.00 15.835
83980800.00 15.99
84067200.00 16.143
84153600.00 16.294
84240000.00 16.444
84326400.00 16.593
84412800.00 16.739
84499200.00 16.884
84585600.00 17.027
84672000.00 17.168
84758400.00 17.307
84844800.00 17.445
84931200.00 17.58
85017600.00 17.713
85104000.00 17.845
85190400.00 17.974
85276800.00 18.101
85363200.00 18.226
85449600.00 18.349
85536000.00 18.469
85622400.00 18.587
85708800.00 18.703
85795200.00 18.817
85881600.00 18.928
85968000.00 19.037
86054400.00 19.143
86140800.00 19.247
86227200.00 19.348
86313600.00 19.447
86400000.00 19.543
86486400.00 19.637
86572800.00 19.728
86659200.00 19.816
86745600.00 19.902
86832000.00 19.985
86918400.00 20.066
87004800.00 20.143
87091200.00 20.218
87177600.00 20.29
87264000.00 20.359
87350400.00 20.425
87436800.00 20.489
87523200.00 20.549
87609600.00 20.607
87696000.00 20.662
87782400.00 20.714
87868800.00 20.763
87955200.00 20.809
88041600.00 20.852
88128000.00 20.892
88214400.00 20.929
88300800.00 20.963
88387200.00 20.994
88473600.00 21.022
88560000.00 21.047
88646400.00 21.069
88732800.00 21.088
88819200.00 21.104
88905600.00 21.117
88992000.00 21.127
89078400.00 21.133
89164800.00 21.137
89251200.00 21.138
89337600.00 21.135
89424000.00 21.13
89510400.00 21.121
89596800.00 21.109
89683200.00 21.095
89769600.00 21.077
89856000.00 21.056
89942400.00 21.032
90028800.00 21.005
90115200.00 20.975
90201600.00 20.942
90288000.00 20.906
90374400.00 20.868
90460800.00 20.826
90547200.00 20.781
90633600.00 20.733
90720000.00 20.682
90806400.00 20.628
90892800.00 20.572
90979200.00 20.512
91065600.00 20.45
91152000.00 20.385
91238400.00 20.316
91324800.00 20.246
91411200.00 20.172
91497600.00 20.095
91584000.00 20.016
91670400.00 19.934
91756800.00 19.849
91843200.00 19.762
91929600.00 19.672
92016000.00 19.579
92102400.00 19.484
92188800.00 19.386
92275200.00 19.286
92361600.00 19.183
92448000.00 19.078
92534400.00 18.97
92620800.00 18.859
92707200.00 18.747
92793600.00 18.632
92880000.00 18.514
92966400.00 18.395
93052800.00 18.273
93139200.00 18.149
93225600.00 18.023
93312000.00 17.894
93398400.00 17.764
93484800.00 17.631
93571200.00 17.496
93657600.00 17.36
93744000.00 17.221
93830400.00 17.081
93916800.00 16.939
94003200.00 16.794
94089600.00 16.649
94176000.00 16.501
94262400.00 16.352
94348800.00 16.201
94435200.00 16.048
94608000.00 15.894
