1095
0.00 183.146
86400.00 180.841
172800.00 178.586
259200.00 176.331
345600.00 174.077
432000.00 171.824
518400.00 169.574
604800.00 167.331
691200.00 165.169
777600.00 163.012
864000.00 160.858
950400.00 158.711
1036800.00 156.569
1123200.00 154.434
1209600.00 152.306
1296000.00 150.186
1382400.00 148.075
1468800.00 145.973
1555200.00 143.88
1641600.00 141.798
1728000.00 139.727
1814400.00 137.668
1900800.00 135.62
1987200.00 133.585
2073600.00 131.563
2160000.00 129.554
2246400.00 127.559
2332800.00 125.579
2419200.00 123.614
2505600.00 121.665
2592000.00 119.731
2678400.00 117.814
2764800.00 115.915
2851200.00 114.033
2937600.00 112.17
3024000.00 110.326
3110400.00 108.501
3196800.00 106.697
3283200.00 104.914
3369600.00 103.165
3456000.00 101.499
3542400.00 99.855
3628800.00 98.234
3715200.00 96.636
3801600.00 95.063
3888000.00 93.515
3974400.00 92.019
4060800.00 90.59
4147200.00 89.186
4233600.00 87.808
4320000.00 86.458
4406400.00 85.134
4492800.00 83.838
4579200.00 82.571
4665600.00 81.332
4752000.00 80.121
4838400.00 78.941
4924800.00 77.79
5011200.00 76.669
5097600.00 75.579
5184000.00 74.52
5270400.00 73.493
5356800.00 72.496
5443200.00 71.532
5529600.00 70.6
5616000.00 69.701
5702400.00 68.834
5788800.00 68
5875200.00 67.2
5961600.00 66.434
6048000.00 65.701
6134400.00 65.003
6220800.00 64.339
6307200.00 63.711
6393600.00 63.117
6480000.00 62.558
6566400.00 62.035
6652800.00 61.548
6739200.00 61.097
6825600.00 60.683
6912000.00 60.305
6998400.00 59.964
7084800.00 59.661
7171200.00 59.394
7257600.00 59.166
7344000.00 58.975
7430400.00 58.823
7516800.00 58.709
7603200.00 58.634
7689600.00 58.598
7776000.00 58.602
7862400.00 58.644
7948800.00 58.727
8035200.00 58.849
8121600.00 59.011
8208000.00 59.214
8294400.00 59.458
8380800.00 59.742
8467200.00 60.067
8553600.00 60.434
8640000.00 60.842
8726400.00 61.291
8812800.00 61.782
8899200.00 62.459
8985600.00 63.045
9072000.00 63.674
9158400.00 64.344
9244800.00 65.058
9331200.00 65.813
9417600.00 66.612
9504000.00 67.453
9590400.00 68.337
9676800.00 69.263
9763200.00 70.233
9849600.00 71.246
9936000.00 72.301
10022400.00 73.4
10108800.00 74.542
10195200.00 75.726
10281600.00 76.954
10368000.00 78.224
10454400.00 79.537
10540800.00 80.893
10627200.00 82.291
10713600.00 83.731
10800000.00 85.213
10886400.00 86.737
10972800.00 88.302
11059200.00 89.908
11145600.00 91.555
11232000.00 93.241
11318400.00 94.967
11404800.00 96.731
11491200.00 98.533
11577600.00 100.372
11664000.00 102.247
11750400.00 104.158
11836800.00 106.103
11923200.00 108.082
12009600.00 110.093
12096000.00 112.135
12182400.00 114.208
12268800.00 116.348
12355200.00 118.548
12441600.00 120.775
12528000.00 123.03
12614400.00 125.309
12700800.00 127.613
12787200.00 129.99
12873600.00 132.414
12960000.00 134.86
13046400.00 137.328
13132800.00 139.817
13219200.00 142.325
13305600.00 144.853
13392000.00 147.399
13478400.00 149.964
13564800.00 152.546
13651200.00 155.145
13737600.00 157.76
13824000.00 160.39
13910400.00 163.035
13996800.00 165.693
14083200.00 168.364
14169600.00 171.045
14256000.00 173.735
14342400.00 176.434
14428800.00 179.14
14515200.00 181.851
14601600.00 184.566
14688000.00 187.282
14774400.00 190
14860800.00 192.717
14947200.00 195.431
15033600.00 198.142
15120000.00 200.847
15206400.00 203.545
15292800.00 206.235
15379200.00 208.916
15465600.00 211.585
15552000.00 214.263
15638400.00 216.99
15724800.00 219.702
15811200.00 222.398
15897600.00 225.077
15984000.00 227.74
16070400.00 230.465
16156800.00 233.171
16243200.00 235.855
16329600.00 238.519
16416000.00 241.162
16502400.00 243.783
16588800.00 246.381
16675200.00 248.957
16761600.00 251.509
16848000.00 254.038
16934400.00 256.543
17020800.00 259.022
17107200.00 261.477
17193600.00 263.905
17280000.00 266.306
17366400.00 268.679
17452800.00 271.023
17539200.00 273.337
17625600.00 275.621
17712000.00 277.874
17798400.00 280.094
17884800.00 282.28
17971200.00 284.433
18057600.00 286.551
18144000.00 288.633
18230400.00 290.678
18316800.00 292.687
18403200.00 294.657
18489600.00 296.59
18576000.00 298.483
18662400.00 300.336
18748800.00 302.15
18835200.00 303.922
18921600.00 305.717
19008000.00 307.477
19094400.00 309.195
19180800.00 310.869
19267200.00 312.5
19353600.00 314.088
19440000.00 315.692
19526400.00 317.257
19612800.00 318.776
19699200.00 320.251
19785600.00 321.68
19872000.00 323.063
19958400.00 324.402
20044800.00 325.694
20131200.00 326.942
20217600.00 328.144
20304000.00 329.301
20390400.00 330.412
20476800.00 331.479
20563200.00 332.499
20649600.00 333.475
20736000.00 334.406
20822400.00 335.291
20908800.00 336.131
20995200.00 336.926
21081600.00 337.676
21168000.00 338.381
21254400.00 339.041
21340800.00 339.656
21427200.00 340.227
21513600.00 340.753
21600000.00 341.234
21686400.00 341.672
21772800.00 342.065
21859200.00 342.414
21945600.00 342.719
22032000.00 342.98
22118400.00 343.198
22204800.00 343.373
22291200.00 343.504
22377600.00 343.593
22464000.00 343.639
22550400.00 343.643
22636800.00 343.605
22723200.00 343.524
22809600.00 343.403
22896000.00 343.24
22982400.00 343.036
23068800.00 342.792
23155200.00 342.507
23241600.00 342.182
23328000.00 341.818
23414400.00 341.414
23500800.00 340.971
23587200.00 340.489
23673600.00 339.969
23760000.00 339.411
23846400.00 338.816
23932800.00 338.183
24019200.00 337.513
24105600.00 336.806
24192000.00 336.063
24278400.00 335.284
24364800.00 334.47
24451200.00 333.621
24537600.00 332.736
24624000.00 331.818
24710400.00 330.865
24796800.00 329.878
24883200.00 328.858
24969600.00 327.805
25056000.00 326.72
25142400.00 325.602
25228800.00 324.452
25315200.00 323.271
25401600.00 322.058
25488000.00 320.814
25574400.00 319.54
25660800.00 318.236
25747200.00 316.902
25833600.00 315.538
25920000.00 314.145
26006400.00 312.723
26092800.00 311.273
26179200.00 309.794
26265600.00 308.288
26352000.00 306.753
26438400.00 305.192
26524800.00 303.604
26611200.00 301.988
26697600.00 300.347
26784000.00 298.679
26870400.00 296.986
26956800.00 295.267
27043200.00 293.522
27129600.00 291.753
27216000.00 289.959
27302400.00 288.141
27388800.00 286.299
27475200.00 284.433
27561600.00 282.543
27648000.00 280.631
27734400.00 278.696
27820800.00 276.739
27907200.00 274.759
27993600.00 272.758
28080000.00 270.736
28166400.00 268.7
28252800.00 266.703
28339200.00 264.687
28425600.00 262.652
28512000.00 260.599
28598400.00 258.529
28684800.00 256.441
28771200.00 254.336
28857600.00 252.278
28944000.00 250.212
29030400.00 248.131
29116800.00 246.036
29203200.00 243.927
29289600.00 241.805
29376000.00 239.669
29462400.00 237.52
29548800.00 235.359
29635200.00 233.187
29721600.00 231.002
29808000.00 228.807
29894400.00 226.601
29980800.00 224.384
30067200.00 222.158
30153600.00 219.922
30240000.00 217.676
30326400.00 215.422
30412800.00 213.159
30499200.00 210.887
30585600.00 208.608
30672000.00 206.322
30758400.00 204.028
30844800.00 201.727
30931200.00 199.421
31017600.00 197.109
31104000.00 194.791
31190400.00 192.469
31276800.00 190.143
31363200.00 187.813
31449600.00 185.481
31536000.00 183.146
31622400.00 180.841
31708800.00 178.586
31795200.00 176.331
31881600.00 174.077
31968000.00 171.824
32054400.00 169.574
32140800.00 167.331
32227200.00 165.169
32313600.00 163.012
32400000.00 160.858
32486400.00 158.711
32572800.00 156.569
32659200.00 154.434
32745600.00 152.306
32832000.00 150.186
32918400.00 148.075
33004800.00 145.973
33091200.00 143.88
33177600.00 141.798
33264000.00 139.727
33350400.00 137.668
33436800.00 135.62
33523200.00 133.585
33609600.00 131.563
33696000.00 129.554
33782400.00 127.559
33868800.00 125.579
33955200.00 123.614
34041600.00 121.665
34128000.00 119.731
34214400.00 117.814
34300800.00 115.915
34387200.00 114.033
34473600.00 112.17
34560000.00 110.326
34646400.00 108.501
34732800.00 106.697
34819200.00 104.914
34905600.00 103.165
34992000.00 101.499
35078400.00 99.855
35164800.00 98.234
35251200.00 96.636
35337600.00 95.063
35424000.00 93.515
35510400.00 92.019
35596800.00 90.59
35683200.00 89.186
35769600.00 87.808
35856000.00 86.458
35942400.00 85.134
36028800.00 83.838
36115200.00 82.571
36201600.00 81.332
36288000.00 80.121
36374400.00 78.941
36460800.00 77.79
36547200.00 76.669
36633600.00 75.579
36720000.00 74.52
36806400.00 73.493
36892800.00 72.496
36979200.00 71.532
37065600.00 70.6
37152000.00 69.701
37238400.00 68.834
37324800.00 68
37411200.00 67.2
37497600.00 66.434
37584000.00 65.701
37670400.00 65.003
37756800.00 64.339
37843200.00 63.711
37929600.00 63.117
38016000.00 62.558
38102400.00 62.035
38188800.00 61.548
38275200.00 61.097
38361600.00 60.683
38448000.00 60.305
38534400.00 59.964
38620800.00 59.661
38707200.00 59.394
38793600.00 59.166
38880000.00 58.975
38966400.00 58.823
39052800.00 58.709
39139200.00 58.634
39225600.00 58.598
39312000.00 58.602
39398400.00 58.644
39484800.00 58.727
39571200.00 58.849
39657600.00 59.011
39744000.00 59.214
39830400.00 59.458
39916800.00 59.742
40003200.00 60.067
40089600.00 60.434
40176000.00 60.842
40262400.00 61.291
40348800.00 61.782
40435200.00 62.459
40521600.00 63.045
40608000.00 63.674
40694400.00 64.344
40780800.00 65.058
40867200.00 65.813
40953600.00 66.612
41040000.00 67.453
41126400.00 68.337
41212800.00 69.263
41299200.00 70.233
41385600.00 71.246
41472000.00 72.301
41558400.00 73.4
41644800.00 74.542
41731200.00 75.726
41817600.00 76.954
41904000.00 78.224
41990400.00 79.537
42076800.00 80.893
42163200.00 82.291
42249600.00 83.731
42336000.00 85.213
42422400.00 86.737
42508800.00 88.302
42595200.00 89.908
42681600.00 91.555
42768000.00 93.241
42854400.00 94.967
42940800.00 96.731
43027200.00 98.533
43113600.00 100.372
43200000.00 102.247
43286400.00 104.158
43372800.00 106.103
43459200.00 108.082
43545600.00 110.093
43632000.00 112.135
43718400.00 114.208
43804800.00 116.348
43891200.00 118.548
43977600.00 120.775
44064000.00 123.03
44150400.00 125.309
44236800.00 127.613
44323200.00 129.99
44409600.00 132.414
44496000.00 134.86
44582400.00 137.328
44668800.00 139.817
44755200.00 142.325
44841600.00 144.853
44928000.00 147.399
45014400.00 149.964
45100800.00 152.546
45187200.00 155.145
45273600.00 157.76
45360000.00 160.39
45446400.00 163.035
45532800.00 165.693
45619200.00 168.364
45705600.00 171.045
45792000.00 173.735
45878400.00 176.434
45964800.00 179.14
46051200.00 181.851
46137600.00 184.566
46224000.00 187.282
46310400.00 190
46396800.00 192.717
46483200.00 195.431
46569600.00 198.142
46656000.00 200.847
46742400.00 203.545
46828800.00 206.235
46915200.00 208.916
47001600.00 211.585
47088000.00 214.263
47174400.00 216.99
47260800.00 219.702
47347200.00 222.398
47433600.00 225.077
47520000.00 227.74
47606400.00 230.465
47692800.00 233.171
47779200.00 235.855
47865600.00 238.519
47952000.00 241.162
48038400.00 243.783
48124800.00 246.381
48211200.00 248.957
48297600.00 251.509
48384000.00 254.038
48470400.00 256.543
48556800.00 259.022
48643200.00 261.477
48729600.00 263.905
48816000.00 266.306
48902400.00 268.679
48988800.00 271.023
49075200.00 273.337
49161600.00 275.621
49248000.00 277.874
49334400.00 280.094
49420800.00 282.28
49507200.00 284.433
49593600.00 286.551
49680000.00 288.633
49766400.00 290.678
49852800.00 292.687
49939200.00 294.657
50025600.00 296.59
50112000.00 298.483
50198400.00 300.336
50284800.00 302.15
50371200.00 303.922
50457600.00 305.717
50544000.00 307.477
50630400.00 309.195
50716800.00 310.869
50803200.00 312.5
50889600.00 314.088
50976000.00 315.692
51062400.00 317.257
51148800.00 318.776
51235200.00 320.251
51321600.00 321.68
51408000.00 323.063
51494400.00 324.402
51580800.00 325.694
51667200.00 326.942
51753600.00 328.144
51840000.00 329.301
51926400.00 330.412
52012800.00 331.479
52099200.00 332.499
52185600.00 333.475
52272000.00 334.406
52358400.00 335.291
52444800.00 336.131
52531200.00 336.926
52617600.00 337.676
52704000.00 338.381
52790400.00 339.041
52876800.00 339.656
52963200.00 340.227
53049600.00 340.753
53136000.00 341.234
53222400.00 341.672
53308800.00 342.065
53395200.00 342.414
53481600.00 342.719
53568000.00 342.98
53654400.00 343.198
53740800.00 343.373
53827200.00 343.504
53913600.00 343.593
54000000.00 343.639
54086400.00 343.643
54172800.00 343.605
54259200.00 343.524
54345600.00 343.403
54432000.00 343.24
54518400.00 343.036
54604800.00 342.792
54691200.00 342.507
54777600.00 342.182
54864000.00 341.818
54950400.00 341.414
55036800.00 340.971
55123200.00 340.489
55209600.00 339.969
55296000.00 339.411
55382400.00 338.816
55468800.00 338.183
55555200.00 337.513
55641600.00 336.806
55728000.00 336.063
55814400.00 335.284
55900800.00 334.47
55987200.00 333.621
56073600.00 332.736
56160000.00 331.818
56246400.00 330.865
56332800.00 329.878
56419200.00 328.858
56505600.00 327.805
56592000.00 326.72
56678400.00 325.602
56764800.00 324.452
56851200.00 323.271
56937600.00 322.058
57024000.00 320.814
57110400.00 319.54
57196800.00 318.236
57283200.00 316.902
57369600.00 315.538
57456000.00 314.145
57542400.00 312.723
57628800.00 311.273
57715200.00 309.794
57801600.00 308.288
57888000.00 306.753
57974400.00 305.192
58060800.00 303.604
58147200.00 301.988
58233600.00 300.347
58320000.00 298.679
58406400.00 296.986
58492800.00 295.267
58579200.00 293.522
58665600.00 291.753
58752000.00 289.959
58838400.00 288.141
58924800.00 286.299
59011200.00 284.433
59097600.00 282.543
59184000.00 280.631
59270400.00 278.696
59356800.00 276.739
59443200.00 274.759
59529600.00 272.758
59616000.00 270.736
59702400.00 268.7
59788800.00 266.703
59875200.00 264.687
59961600.00 262.652
60048000.00 260.599
60134400.00 258.529
60220800.00 256.441
60307200.00 254.336
60393600.00 252.278
60480000.00 250.212
60566400.00 248.131
60652800.00 246.036
60739200.00 243.927
60825600.00 241.805
60912000.00 239.669
60998400.00 237.52
61084800.00 235.359
61171200.00 233.187
61257600.00 231.002
61344000.00 228.807
61430400.00 226.601
61516800.00 224.384
61603200.00 222.158
61689600.00 219.922
61776000.00 217.676
61862400.00 215.422
61948800.00 213.159
62035200.00 210.887
62121600.00 208.608
62208000.00 206.322
62294400.00 204.028
62380800.00 201.727
62467200.00 199.421
62553600.00 197.109
62640000.00 194.791
62726400.00 192.469
62812800.00 190.143
62899200.00 187.813
62985600.00 185.481
63072000.00 183.146
63158400.00 180.841
63244800.00 178.586
63331200.00 176.331
63417600.00 174.077
63504000.00 171.824
63590400.00 169.574
63676800.00 167.331
63763200.00 165.169
63849600.00 163.012
63936000.00 160.858
64022400.00 158.711
64108800.00 156.569
64195200.00 154.434
64281600.00 152.306
64368000.00 150.186
64454400.00 148.075
64540800.00 145.973
64627200.00 143.88
64713600.00 141.798
64800000.00 139.727
64886400.00 137.668
64972800.00 135.62
65059200.00 133.585
65145600.00 131.563
65232000.00 129.554
65318400.00 127.559
65404800.00 125.579
65491200.00 123.614
65577600.00 121.665
65664000.00 119.731
65750400.00 117.814
65836800.00 115.915
65923200.00 114.033
66009600.00 112.17
66096000.00 110.326
66182400.00 108.501
66268800.00 106.697
66355200.00 104.914
66441600.00 103.165
66528000.00 101.499
66614400.00 99.855
66700800.00 98.234
66787200.00 96.636
66873600.00 95.063
66960000.00 93.515
67046400.00 92.019
67132800.00 90.59
67219200.00 89.186
67305600.00 87.808
67392000.00 86.458
67478400.00 85.134
67564800.00 83.838
67651200.00 82.571
67737600.00 81.332
67824000.00 80.121
67910400.00 78.941
67996800.00 77.79
68083200.00 76.669
68169600.00 75.579
68256000.00 74.52
68342400.00 73.493
68428800.00 72.496
68515200.00 71.532
68601600.00 70.6
68688000.00 69.701
68774400.00 68.834
68860800.00 68
68947200.00 67.2
69033600.00 66.434
69120000.00 65.701
69206400.00 65.003
69292800.00 64.339
69379200.00 63.711
69465600.00 63.117
69552000.00 62.558
69638400.00 62.035
69724800.00 61.548
69811200.00 61.097
69897600.00 60.683
69984000.00 60.305
70070400.00 59.964
70156800.00 59.661
70243200.00 59.394
70329600.00 59.166
70416000.00 58.975
70502400.00 58.823
70588800.00 58.709
70675200.00 58.634
70761600.00 58.598
70848000.00 58.602
70934400.00 58.644
71020800.00 58.727
71107200.00 58.849
71193600.00 59.011
71280000.00 59.214
71366400.00 59.458
71452800.00 59.742
71539200.00 60.067
71625600.00 60.434
71712000.00 60.842
71798400.00 61.291
71884800.00 61.782
71971200.00 62.459
72057600.00 63.045
72144000.00 63.674
72230400.00 64.344
72316800.00 65.058
72403200.00 65.813
72489600.00 66.612
72576000.00 67.453
72662400.00 68.337
72748800.00 69.263
72835200.00 70.233
72921600.00 71.246
73008000.00 72.301
73094400.00 73.4
73180800.00 74.542
73267200.00 75.726
73353600.00 76.954
73440000.00 78.224
73526400.00 79.537
73612800.00 80.893
73699200.00 82.291
73785600.00 83.731
73872000.00 85.213
73958400.00 86.737
74044800.00 88.302
74131200.00 89.908
74217600.00 91.555
74304000.00 93.241
74390400.00 94.967
74476800.00 96.731
74563200.00 98.533
74649600.00 100.372
74736000.00 102.247
74822400.00 104.158
74908800.00 106.103
74995200.00 108.082
75081600.00 110.093
75168000.00 112.135
75254400.00 114.208
75340800.00 116.348
75427200.00 118.548
75513600.00 120.775
75600000.00 123.03
75686400.00 125.309
75772800.00 127.613
75859200.00 129.99
75945600.00 132.414
76032000.00 134.86
76118400.00 137.328
76204800.00 139.817
76291200.00 142.325
76377600.00 144.853
76464000.00 147.399
76550400.00 149.964
76636800.00 152.546
76723200.00 155.145
76809600.00 157.76
76896000.00 160.39
76982400.00 163.035
77068800.00 165.693
77155200.00 168.364
77241600.00 171.045
77328000.00 173.735
77414400.00 176.434
77500800.00 179.14
77587200.00 181.851
77673600.00 184.566
77760000.00 187.282
77846400.00 190
77932800.00 192.717
78019200.00 195.431
78105600.00 198.142
78192000.00 200.847
78278400.00 203.545
78364800.00 206.235
78451200.00 208.916
78537600.00 211.585
78624000.00 214.263
78710400.00 216.99
78796800.00 219.702
78883200.00 222.398
78969600.00 225.077
79056000.00 227.74
79142400.00 230.465
79228800.00 233.171
79315200.00 235.855
79401600.00 238.519
79488000.00 241.162
79574400.00 243.783
79660800.00 246.381
79747200.00 248.957
79833600.00 251.509
79920000.00 254.038
80006400.00 256.543
80092800.00 259.022
80179200.00 261.477
80265600.00 263.905
80352000.00 266.306
80438400.00 268.679
80524800.00 271.023
80611200.00 273.337
80697600.00 275.621
80784000.00 277.874
80870400.00 280.094
80956800.00 282.28
81043200.00 284.433
81129600.00 286.551
81216000.00 288.633
81302400.00 290.678
81388800.00 292.687
81475200.00 294.657
81561600.00 296.59
81648000.00 298.483
81734400.00 300.336
81820800.00 302.15
81907200.00 303.922
81993600.00 305.717
82080000.00 307.477
82166400.00 309.195
82252800.00 310.869
82339200.00 312.5
82425600.00 314.088
82512000.00 315.692
82598400.00 317.257
82684800.00 318.776
82771200.00 320.251
82857600.00 321.68
82944000.00 323.063
83030400.00 324.402
83116800.00 325.694
83203200.00 326.942
83289600.00 328.144
83376000.00 329.301
83462400.00 330.412
83548800.00 331.479
83635200.00 332.499
83721600.00 333.475
83808000.00 334.406
83894400.00 335.291
83980800.00 336.131
84067200.00 336.926
84153600.00 337.676
84240000.00 338.381
84326400.00 339.041
84412800.00 339.656
84499200.00 340.227
84585600.00 340.753
84672000.00 341.234
84758400.00 341.672
84844800.00 342.065
84931200.00 342.414
85017600.00 342.719
85104000.00 342.98
85190400.00 343.198
85276800.00 343.373
85363200.00 343.504
85449600.00 343.593
85536000.00 343.639
85622400.00 343.643
85708800.00 343.605
85795200.00 343.524
85881600.00 343.403
85968000.00 343.24
86054400.00 343.036
86140800.00 342.792
86227200.00 342.507
86313600.00 342.182
86400000.00 341.818
86486400.00 341.414
86572800.00 340.971
86659200.00 340.489
86745600.00 339.969
86832000.00 339.411
86918400.00 338.816
87004800.00 338.183
87091200.00 337.513
87177600.00 336.806
87264000.00 336.063
87350400.00 335.284
87436800.00 334.47
87523200.00 333.621
87609600.00 332.736
87696000.00 331.818
87782400.00 330.865
87868800.00 329.878
87955200.00 328.858
88041600.00 327.805
88128000.00 326.72
88214400.00 325.602
88300800.00 324.452
88387200.00 323.271
88473600.00 322.058
88560000.00 320.814
88646400.00 319.54
88732800.00 318.236
88819200.00 316.902
88905600.00 315.538
88992000.00 314.145
89078400.00 312.723
89164800.00 311.273
89251200.00 309.794
89337600.00 308.288
89424000.00 306.753
89510400.00 305.192
89596800.00 303.604
89683200.00 301.988
89769600.00 300.347
89856000.00 298.679
89942400.00 296.986
90028800.00 295.267
90115200.00 293.522
90201600.00 291.753
90288000.00 289.959
90374400.00 288.141
90460800.00 286.299
90547200.00 284.433
90633600.00 282.543
90720000.00 280.631
90806400.00 278.696
90892800.00 276.739
90979200.00 274.759
91065600.00 272.758
91152000.00 270.736
91238400.00 268.7
91324800.00 266.703
91411200.00 264.687
91497600.00 262.652
91584000.00 260.599
91670400.00 258.529
91756800.00 256.441
91843200.00 254.336
91929600.00 252.278
92016000.00 250.212
92102400.00 248.131
92188800.00 246.036
92275200.00 243.927
92361600.00 241.805
92448000.00 239.669
92534400.00 237.52
92620800.00 235.359
92707200.00 233.187
92793600.00 231.002
92880000.00 228.807
92966400.00 226.601
93052800.00 224.384
93139200.00 222.158
93225600.00 219.922
93312000.00 217.676
93398400.00 215.422
93484800.00 213.159
93571200.00 210.887
93657600.00 208.608
93744000.00 206.322
93830400.00 204.028
93916800.00 201.727
94003200.00 199.421
94089600.00 197.109
94176000.00 194.791
94262400.00 192.469
94348800.00 190.143
94435200.00 187.813
94608000.00 185.481
