1095
0.00 86400.00 14.55
86400.00 172800.00 14.5
172800.00 259200.00 14.44
259200.00 345600.00 14.38
345600.00 432000.00 14.33
432000.00 518400.00 14.27
518400.00 604800.00 14.21
604800.00 691200.00 14.15
691200.00 777600.00 14.08
777600.00 864000.00 14.02
864000.00 950400.00 13.96
950400.00 1036800.00 13.89
1036800.00 1123200.00 13.82
1123200.00 1209600.00 13.75
1209600.00 1296000.00 13.69
1296000.00 1382400.00 13.62
1382400.00 1468800.00 13.54
1468800.00 1555200.00 13.47
1555200.00 1641600.00 13.4
1641600.00 1728000.00 13.33
1728000.00 1814400.00 13.25
1814400.00 1900800.00 13.18
1900800.00 1987200.00 13.1
1987200.00 2073600.00 13.02
2073600.00 2160000.00 12.94
2160000.00 2246400.00 12.86
2246400.00 2332800.00 12.78
2332800.00 2419200.00 12.7
2419200.00 2505600.00 12.62
2505600.00 2592000.00 12.54
2592000.00 2678400.00 12.46
2678400.00 2764800.00 12.38
2764800.00 2851200.00 12.29
2851200.00 2937600.00 12.21
2937600.00 3024000.00 12.12
3024000.00 3110400.00 12.04
3110400.00 3196800.00 11.95
3196800.00 3283200.00 11.86
3283200.00 3369600.00 11.78
3369600.00 3456000.00 11.69
3456000.00 3542400.00 11.6
3542400.00 3628800.00 11.51
3628800.00 3715200.00 11.42
3715200.00 3801600.00 11.34
3801600.00 3888000.00 11.25
3888000.00 3974400.00 11.16
3974400.00 4060800.00 11.07
4060800.00 4147200.00 10.98
4147200.00 4233600.00 10.89
4233600.00 4320000.00 10.8
4320000.00 4406400.00 10.71
4406400.00 4492800.00 10.61
4492800.00 4579200.00 10.52
4579200.00 4665600.00 10.43
4665600.00 4752000.00 10.34
4752000.00 4838400.00 10.25
4838400.00 4924800.00 10.16
4924800.00 5011200.00 10.07
5011200.00 5097600.00 9.98
5097600.00 5184000.00 9.89
5184000.00 5270400.00 9.8
5270400.00 5356800.00 9.71
5356800.00 5443200.00 9.62
5443200.00 5529600.00 9.52
5529600.00 5616000.00 9.43
5616000.00 5702400.00 9.35
5702400.00 5788800.00 9.26
5788800.00 5875200.00 9.17
5875200.00 5961600.00 9.08
5961600.00 6048000.00 8.99
6048000.00 6134400.00 8.9
6134400.00 6220800.00 8.81
6220800.00 6307200.00 8.73
6307200.00 6393600.00 8.64
6393600.00 6480000.00 8.55
6480000.00 6566400.00 8.47
6566400.00 6652800.00 8.38
6652800.00 6739200.00 8.3
6739200.00 6825600.00 8.21
6825600.00 6912000.00 8.13
6912000.00 6998400.00 8.05
6998400.00 7084800.00 7.96
7084800.00 7171200.00 7.88
7171200.00 7257600.00 7.8
7257600.00 7344000.00 7.72
7344000.00 7430400.00 7.64
7430400.00 7516800.00 7.56
7516800.00 7603200.00 7.49
7603200.00 7689600.00 7.41
7689600.00 7776000.00 7.33
7776000.00 7862400.00 7.26
7862400.00 7948800.00 7.18
7948800.00 8035200.00 7.11
8035200.00 8121600.00 7.04
8121600.00 8208000.00 6.97
8208000.00 8294400.00 6.9
8294400.00 8380800.00 6.83
8380800.00 8467200.00 6.76
8467200.00 8553600.00 6.69
8553600.00 8640000.00 6.62
8640000.00 8726400.00 6.56
8726400.00 8812800.00 6.49
8812800.00 8899200.00 6.43
8899200.00 8985600.00 6.37
8985600.00 9072000.00 6.31
9072000.00 9158400.00 6.25
9158400.00 9244800.00 6.19
9244800.00 9331200.00 6.13
9331200.00 9417600.00 6.08
9417600.00 9504000.00 6.02
9504000.00 9590400.00 5.97
9590400.00 9676800.00 5.92
9676800.00 9763200.00 5.86
9763200.00 9849600.00 5.81
9849600.00 9936000.00 5.77
9936000.00 10022400.00 5.72
10022400.00 10108800.00 5.67
10108800.00 10195200.00 5.63
10195200.00 10281600.00 5.59
10281600.00 10368000.00 5.54
10368000.00 10454400.00 5.5
10454400.00 10540800.00 5.47
10540800.00 10627200.00 5.43
10627200.00 10713600.00 5.39
10713600.00 10800000.00 5.36
10800000.00 10886400.00 5.33
10886400.00 10972800.00 5.29
10972800.00 11059200.00 5.26
11059200.00 11145600.00 5.24
11145600.00 11232000.00 5.21
11232000.00 11318400.00 5.18
11318400.00 11404800.00 5.16
11404800.00 11491200.00 5.14
11491200.00 11577600.00 5.12
11577600.00 11664000.00 5.1
11664000.00 11750400.00 5.08
11750400.00 11836800.00 5.06
11836800.00 11923200.00 5.05
11923200.00 12009600.00 5.03
12009600.00 12096000.00 5.02
12096000.00 12182400.00 5.01
12182400.00 12268800.00 5
12268800.00 12355200.00 5
12355200.00 12441600.00 4.99
12441600.00 12528000.00 4.99
12528000.00 12614400.00 4.98
12614400.00 12700800.00 4.98
12700800.00 12787200.00 4.98
12787200.00 12873600.00 4.99
12873600.00 12960000.00 4.99
12960000.00 13046400.00 5
13046400.00 13132800.00 5
13132800.00 13219200.00 5.01
13219200.00 13305600.00 5.02
13305600.00 13392000.00 5.03
13392000.00 13478400.00 5.05
13478400.00 13564800.00 5.06
13564800.00 13651200.00 5.08
13651200.00 13737600.00 5.09
13737600.00 13824000.00 5.11
13824000.00 13910400.00 5.13
13910400.00 13996800.00 5.16
13996800.00 14083200.00 5.18
14083200.00 14169600.00 5.21
14169600.00 14256000.00 5.23
14256000.00 14342400.00 5.26
14342400.00 14428800.00 5.29
14428800.00 14515200.00 5.32
14515200.00 14601600.00 5.36
14601600.00 14688000.00 5.39
14688000.00 14774400.00 5.43
14774400.00 14860800.00 5.46
14860800.00 14947200.00 5.5
14947200.00 15033600.00 5.54
15033600.00 15120000.00 5.58
15120000.00 15206400.00 5.63
15206400.00 15292800.00 5.67
15292800.00 15379200.00 5.72
15379200.00 15465600.00 5.76
15465600.00 15552000.00 5.81
15552000.00 15638400.00 5.86
15638400.00 15724800.00 5.91
15724800.00 15811200.00 5.96
15811200.00 15897600.00 6.02
15897600.00 15984000.00 6.07
15984000.00 16070400.00 6.13
16070400.00 16156800.00 6.19
16156800.00 16243200.00 6.24
16243200.00 16329600.00 6.3
16329600.00 16416000.00 6.36
16416000.00 16502400.00 6.43
16502400.00 16588800.00 6.49
16588800.00 16675200.00 6.55
16675200.00 16761600.00 6.62
16761600.00 16848000.00 6.69
16848000.00 16934400.00 6.75
16934400.00 17020800.00 6.82
17020800.00 17107200.00 6.89
17107200.00 17193600.00 6.96
17193600.00 17280000.00 7.03
17280000.00 17366400.00 7.11
17366400.00 17452800.00 7.18
17452800.00 17539200.00 7.25
17539200.00 17625600.00 7.33
17625600.00 17712000.00 7.4
17712000.00 17798400.00 7.48
17798400.00 17884800.00 7.56
17884800.00 17971200.00 7.64
17971200.00 18057600.00 7.72
18057600.00 18144000.00 7.8
18144000.00 18230400.00 7.88
18230400.00 18316800.00 7.96
18316800.00 18403200.00 8.04
18403200.00 18489600.00 8.12
18489600.00 18576000.00 8.21
18576000.00 18662400.00 8.29
18662400.00 18748800.00 8.38
18748800.00 18835200.00 8.46
18835200.00 18921600.00 8.55
18921600.00 19008000.00 8.63
19008000.00 19094400.00 8.72
19094400.00 19180800.00 8.81
19180800.00 19267200.00 8.9
19267200.00 19353600.00 8.98
19353600.00 19440000.00 9.07
19440000.00 19526400.00 9.16
19526400.00 19612800.00 9.25
19612800.00 19699200.00 9.34
19699200.00 19785600.00 9.43
19785600.00 19872000.00 9.52
19872000.00 19958400.00 9.61
19958400.00 20044800.00 9.7
20044800.00 20131200.00 9.79
20131200.00 20217600.00 9.88
20217600.00 20304000.00 9.97
20304000.00 20390400.00 10.06
20390400.00 20476800.00 10.15
20476800.00 20563200.00 10.25
20563200.00 20649600.00 10.34
20649600.00 20736000.00 10.43
20736000.00 20822400.00 10.52
20822400.00 20908800.00 10.61
20908800.00 20995200.00 10.7
20995200.00 21081600.00 10.79
21081600.00 21168000.00 10.88
21168000.00 21254400.00 10.97
21254400.00 21340800.00 11.06
21340800.00 21427200.00 11.15
21427200.00 21513600.00 11.24
21513600.00 21600000.00 11.33
21600000.00 21686400.00 11.42
21686400.00 21772800.00 11.51
21772800.00 21859200.00 11.6
21859200.00 21945600.00 11.68
21945600.00 22032000.00 11.77
22032000.00 22118400.00 11.86
22118400.00 22204800.00 11.95
22204800.00 22291200.00 12.03
22291200.00 22377600.00 12.12
22377600.00 22464000.00 12.2
22464000.00 22550400.00 12.29
22550400.00 22636800.00 12.37
22636800.00 22723200.00 12.45
22723200.00 22809600.00 12.54
22809600.00 22896000.00 12.62
22896000.00 22982400.00 12.7
22982400.00 23068800.00 12.78
23068800.00 23155200.00 12.86
23155200.00 23241600.00 12.94
23241600.00 23328000.00 13.02
23328000.00 23414400.00 13.09
23414400.00 23500800.00 13.17
23500800.00 23587200.00 13.25
23587200.00 23673600.00 13.32
23673600.00 23760000.00 13.4
23760000.00 23846400.00 13.47
23846400.00 23932800.00 13.54
23932800.00 24019200.00 13.61
24019200.00 24105600.00 13.68
24105600.00 24192000.00 13.75
24192000.00 24278400.00 13.82
24278400.00 24364800.00 13.89
24364800.00 24451200.00 13.95
24451200.00 24537600.00 14.02
24537600.00 24624000.00 14.08
24624000.00 24710400.00 14.14
24710400.00 24796800.00 14.2
24796800.00 24883200.00 14.26
24883200.00 24969600.00 14.32
24969600.00 25056000.00 14.38
25056000.00 25142400.00 14.44
25142400.00 25228800.00 14.49
25228800.00 25315200.00 14.55
25315200.00 25401600.00 14.6
25401600.00 25488000.00 14.65
25488000.00 25574400.00 14.7
25574400.00 25660800.00 14.75
25660800.00 25747200.00 14.8
25747200.00 25833600.00 14.85
25833600.00 25920000.00 14.89
25920000.00 26006400.00 14.93
26006400.00 26092800.00 14.98
26092800.00 26179200.00 15.02
26179200.00 26265600.00 15.06
26265600.00 26352000.00 15.09
26352000.00 26438400.00 15.13
26438400.00 26524800.00 15.17
26524800.00 26611200.00 15.2
26611200.00 26697600.00 15.23
26697600.00 26784000.00 15.26
26784000.00 26870400.00 15.29
26870400.00 26956800.00 15.32
26956800.00 27043200.00 15.35
27043200.00 27129600.00 15.37
27129600.00 27216000.00 15.39
27216000.00 27302400.00 15.42
27302400.00 27388800.00 15.44
27388800.00 27475200.00 15.46
27475200.00 27561600.00 15.47
27561600.00 27648000.00 15.49
27648000.00 27734400.00 15.5
27734400.00 27820800.00 15.51
27820800.00 27907200.00 15.53
27907200.00 27993600.00 15.54
27993600.00 28080000.00 15.54
28080000.00 28166400.00 15.55
28166400.00 28252800.00 15.55
28252800.00 28339200.00 15.56
28339200.00 28425600.00 15.56
28425600.00 28512000.00 15.56
28512000.00 28598400.00 15.56
28598400.00 28684800.00 15.55
28684800.00 28771200.00 15.55
28771200.00 28857600.00 15.54
28857600.00 28944000.00 15.54
28944000.00 29030400.00 15.53
29030400.00 29116800.00 15.52
29116800.00 29203200.00 15.5
29203200.00 29289600.00 15.49
29289600.00 29376000.00 15.47
29376000.00 29462400.00 15.46
29462400.00 29548800.00 15.44
29548800.00 29635200.00 15.42
29635200.00 29721600.00 15.4
29721600.00 29808000.00 15.37
29808000.00 29894400.00 15.35
29894400.00 29980800.00 15.32
29980800.00 30067200.00 15.29
30067200.00 30153600.00 15.26
30153600.00 30240000.00 15.23
30240000.00 30326400.00 15.2
30326400.00 30412800.00 15.17
30412800.00 30499200.00 15.13
30499200.00 30585600.00 15.1
30585600.00 30672000.00 15.06
30672000.00 30758400.00 15.02
30758400.00 30844800.00 14.98
30844800.00 30931200.00 14.94
30931200.00 31017600.00 14.89
31017600.00 31104000.00 14.85
31104000.00 31190400.00 14.8
31190400.00 31276800.00 14.75
31276800.00 31363200.00 14.71
31363200.00 31449600.00 14.66
31449600.00 31536000.00 14.6
31536000.00 31622400.00 14.55
31622400.00 31708800.00 14.5
31708800.00 31795200.00 14.44
31795200.00 31881600.00 14.38
31881600.00 31968000.00 14.33
31968000.00 32054400.00 14.27
32054400.00 32140800.00 14.21
32140800.00 32227200.00 14.15
32227200.00 32313600.00 14.08
32313600.00 32400000.00 14.02
32400000.00 32486400.00 13.96
32486400.00 32572800.00 13.89
32572800.00 32659200.00 13.82
32659200.00 32745600.00 13.75
32745600.00 32832000.00 13.69
32832000.00 32918400.00 13.62
32918400.00 33004800.00 13.54
33004800.00 33091200.00 13.47
33091200.00 33177600.00 13.4
33177600.00 33264000.00 13.33
33264000.00 33350400.00 13.25
33350400.00 33436800.00 13.18
33436800.00 33523200.00 13.1
33523200.00 33609600.00 13.02
33609600.00 33696000.00 12.94
33696000.00 33782400.00 12.86
33782400.00 33868800.00 12.78
33868800.00 33955200.00 12.7
33955200.00 34041600.00 12.62
34041600.00 34128000.00 12.54
34128000.00 34214400.00 12.46
34214400.00 34300800.00 12.38
34300800.00 34387200.00 12.29
34387200.00 34473600.00 12.21
34473600.00 34560000.00 12.12
34560000.00 34646400.00 12.04
34646400.00 34732800.00 11.95
34732800.00 34819200.00 11.86
34819200.00 34905600.00 11.78
34905600.00 34992000.00 11.69
34992000.00 35078400.00 11.6
35078400.00 35164800.00 11.51
35164800.00 35251200.00 11.42
35251200.00 35337600.00 11.34
35337600.00 35424000.00 11.25
35424000.00 35510400.00 11.16
35510400.00 35596800.00 11.07
35596800.00 35683200.00 10.98
35683200.00 35769600.00 10.89
35769600.00 35856000.00 10.8
35856000.00 35942400.00 10.71
35942400.00 36028800.00 10.61
36028800.00 36115200.00 10.52
36115200.00 36201600.00 10.43
36201600.00 36288000.00 10.34
36288000.00 36374400.00 10.25
36374400.00 36460800.00 10.16
36460800.00 36547200.00 10.07
36547200.00 36633600.00 9.98
36633600.00 36720000.00 9.89
36720000.00 36806400.00 9.8
36806400.00 36892800.00 9.71
36892800.00 36979200.00 9.62
36979200.00 37065600.00 9.52
37065600.00 37152000.00 9.43
37152000.00 37238400.00 9.35
37238400.00 37324800.00 9.26
37324800.00 37411200.00 9.17
37411200.00 37497600.00 9.08
37497600.00 37584000.00 8.99
37584000.00 37670400.00 8.9
37670400.00 37756800.00 8.81
37756800.00 37843200.00 8.73
37843200.00 37929600.00 8.64
37929600.00 38016000.00 8.55
38016000.00 38102400.00 8.47
38102400.00 38188800.00 8.38
38188800.00 38275200.00 8.3
38275200.00 38361600.00 8.21
38361600.00 38448000.00 8.13
38448000.00 38534400.00 8.05
38534400.00 38620800.00 7.96
38620800.00 38707200.00 7.88
38707200.00 38793600.00 7.8
38793600.00 38880000.00 7.72
38880000.00 38966400.00 7.64
38966400.00 39052800.00 7.56
39052800.00 39139200.00 7.49
39139200.00 39225600.00 7.41
39225600.00 39312000.00 7.33
39312000.00 39398400.00 7.26
39398400.00 39484800.00 7.18
39484800.00 39571200.00 7.11
39571200.00 39657600.00 7.04
39657600.00 39744000.00 6.97
39744000.00 39830400.00 6.9
39830400.00 39916800.00 6.83
39916800.00 40003200.00 6.76
40003200.00 40089600.00 6.69
40089600.00 40176000.00 6.62
40176000.00 40262400.00 6.56
40262400.00 40348800.00 6.49
40348800.00 40435200.00 6.43
40435200.00 40521600.00 6.37
40521600.00 40608000.00 6.31
40608000.00 40694400.00 6.25
40694400.00 40780800.00 6.19
40780800.00 40867200.00 6.13
40867200.00 40953600.00 6.08
40953600.00 41040000.00 6.02
41040000.00 41126400.00 5.97
41126400.00 41212800.00 5.92
41212800.00 41299200.00 5.86
41299200.00 41385600.00 5.81
41385600.00 41472000.00 5.77
41472000.00 41558400.00 5.72
41558400.00 41644800.00 5.67
41644800.00 41731200.00 5.63
41731200.00 41817600.00 5.59
41817600.00 41904000.00 5.54
41904000.00 41990400.00 5.5
41990400.00 42076800.00 5.47
42076800.00 42163200.00 5.43
42163200.00 42249600.00 5.39
42249600.00 42336000.00 5.36
42336000.00 42422400.00 5.33
42422400.00 42508800.00 5.29
42508800.00 42595200.00 5.26
42595200.00 42681600.00 5.24
42681600.00 42768000.00 5.21
42768000.00 42854400.00 5.18
42854400.00 42940800.00 5.16
42940800.00 43027200.00 5.14
43027200.00 43113600.00 5.12
43113600.00 43200000.00 5.1
43200000.00 43286400.00 5.08
43286400.00 43372800.00 5.06
43372800.00 43459200.00 5.05
43459200.00 43545600.00 5.03
43545600.00 43632000.00 5.02
43632000.00 43718400.00 5.01
43718400.00 43804800.00 5
43804800.00 43891200.00 5
43891200.00 43977600.00 4.99
43977600.00 44064000.00 4.99
44064000.00 44150400.00 4.98
44150400.00 44236800.00 4.98
44236800.00 44323200.00 4.98
44323200.00 44409600.00 4.99
44409600.00 44496000.00 4.99
44496000.00 44582400.00 5
44582400.00 44668800.00 5
44668800.00 44755200.00 5.01
44755200.00 44841600.00 5.02
44841600.00 44928000.00 5.03
44928000.00 45014400.00 5.05
45014400.00 45100800.00 5.06
45100800.00 45187200.00 5.08
45187200.00 45273600.00 5.09
45273600.00 45360000.00 5.11
45360000.00 45446400.00 5.13
45446400.00 45532800.00 5.16
45532800.00 45619200.00 5.18
45619200.00 45705600.00 5.21
45705600.00 45792000.00 5.23
45792000.00 45878400.00 5.26
45878400.00 45964800.00 5.29
45964800.00 46051200.00 5.32
46051200.00 46137600.00 5.36
46137600.00 46224000.00 5.39
46224000.00 46310400.00 5.43
46310400.00 46396800.00 5.46
46396800.00 46483200.00 5.5
46483200.00 46569600.00 5.54
46569600.00 46656000.00 5.58
46656000.00 46742400.00 5.63
46742400.00 46828800.00 5.67
46828800.00 46915200.00 5.72
46915200.00 47001600.00 5.76
47001600.00 47088000.00 5.81
47088000.00 47174400.00 5.86
47174400.00 47260800.00 5.91
47260800.00 47347200.00 5.96
47347200.00 47433600.00 6.02
47433600.00 47520000.00 6.07
47520000.00 47606400.00 6.13
47606400.00 47692800.00 6.19
47692800.00 47779200.00 6.24
47779200.00 47865600.00 6.3
47865600.00 47952000.00 6.36
47952000.00 48038400.00 6.43
48038400.00 48124800.00 6.49
48124800.00 48211200.00 6.55
48211200.00 48297600.00 6.62
48297600.00 48384000.00 6.69
48384000.00 48470400.00 6.75
48470400.00 48556800.00 6.82
48556800.00 48643200.00 6.89
48643200.00 48729600.00 6.96
48729600.00 48816000.00 7.03
48816000.00 48902400.00 7.11
48902400.00 48988800.00 7.18
48988800.00 49075200.00 7.25
49075200.00 49161600.00 7.33
49161600.00 49248000.00 7.4
49248000.00 49334400.00 7.48
49334400.00 49420800.00 7.56
49420800.00 49507200.00 7.64
49507200.00 49593600.00 7.72
49593600.00 49680000.00 7.8
49680000.00 49766400.00 7.88
49766400.00 49852800.00 7.96
49852800.00 49939200.00 8.04
49939200.00 50025600.00 8.12
50025600.00 50112000.00 8.21
50112000.00 50198400.00 8.29
50198400.00 50284800.00 8.38
50284800.00 50371200.00 8.46
50371200.00 50457600.00 8.55
50457600.00 50544000.00 8.63
50544000.00 50630400.00 8.72
50630400.00 50716800.00 8.81
50716800.00 50803200.00 8.9
50803200.00 50889600.00 8.98
50889600.00 50976000.00 9.07
50976000.00 51062400.00 9.16
51062400.00 51148800.00 9.25
51148800.00 51235200.00 9.34
51235200.00 51321600.00 9.43
51321600.00 51408000.00 9.52
51408000.00 51494400.00 9.61
51494400.00 51580800.00 9.7
51580800.00 51667200.00 9.79
51667200.00 51753600.00 9.88
51753600.00 51840000.00 9.97
51840000.00 51926400.00 10.06
51926400.00 52012800.00 10.15
52012800.00 52099200.00 10.25
52099200.00 52185600.00 10.34
52185600.00 52272000.00 10.43
52272000.00 52358400.00 10.52
52358400.00 52444800.00 10.61
52444800.00 52531200.00 10.7
52531200.00 52617600.00 10.79
52617600.00 52704000.00 10.88
52704000.00 52790400.00 10.97
52790400.00 52876800.00 11.06
52876800.00 52963200.00 11.15
52963200.00 53049600.00 11.24
53049600.00 53136000.00 11.33
53136000.00 53222400.00 11.42
53222400.00 53308800.00 11.51
53308800.00 53395200.00 11.6
53395200.00 53481600.00 11.68
53481600.00 53568000.00 11.77
53568000.00 53654400.00 11.86
53654400.00 53740800.00 11.95
53740800.00 53827200.00 12.03
53827200.00 53913600.00 12.12
53913600.00 54000000.00 12.2
54000000.00 54086400.00 12.29
54086400.00 54172800.00 12.37
54172800.00 54259200.00 12.45
54259200.00 54345600.00 12.54
54345600.00 54432000.00 12.62
54432000.00 54518400.00 12.7
54518400.00 54604800.00 12.78
54604800.00 54691200.00 12.86
54691200.00 54777600.00 12.94
54777600.00 54864000.00 13.02
54864000.00 54950400.00 13.09
54950400.00 55036800.00 13.17
55036800.00 55123200.00 13.25
55123200.00 55209600.00 13.32
55209600.00 55296000.00 13.4
55296000.00 55382400.00 13.47
55382400.00 55468800.00 13.54
55468800.00 55555200.00 13.61
55555200.00 55641600.00 13.68
55641600.00 55728000.00 13.75
55728000.00 55814400.00 13.82
55814400.00 55900800.00 13.89
55900800.00 55987200.00 13.95
55987200.00 56073600.00 14.02
56073600.00 56160000.00 14.08
56160000.00 56246400.00 14.14
56246400.00 56332800.00 14.2
56332800.00 56419200.00 14.26
56419200.00 56505600.00 14.32
56505600.00 56592000.00 14.38
56592000.00 56678400.00 14.44
56678400.00 56764800.00 14.49
56764800.00 56851200.00 14.55
56851200.00 56937600.00 14.6
56937600.00 57024000.00 14.65
57024000.00 57110400.00 14.7
57110400.00 57196800.00 14.75
57196800.00 57283200.00 14.8
57283200.00 57369600.00 14.85
57369600.00 57456000.00 14.89
57456000.00 57542400.00 14.93
57542400.00 57628800.00 14.98
57628800.00 57715200.00 15.02
57715200.00 57801600.00 15.06
57801600.00 57888000.00 15.09
57888000.00 57974400.00 15.13
57974400.00 58060800.00 15.17
58060800.00 58147200.00 15.2
58147200.00 58233600.00 15.23
58233600.00 58320000.00 15.26
58320000.00 58406400.00 15.29
58406400.00 58492800.00 15.32
58492800.00 58579200.00 15.35
58579200.00 58665600.00 15.37
58665600.00 58752000.00 15.39
58752000.00 58838400.00 15.42
58838400.00 58924800.00 15.44
58924800.00 59011200.00 15.46
59011200.00 59097600.00 15.47
59097600.00 59184000.00 15.49
59184000.00 59270400.00 15.5
59270400.00 59356800.00 15.51
59356800.00 59443200.00 15.53
59443200.00 59529600.00 15.54
59529600.00 59616000.00 15.54
59616000.00 59702400.00 15.55
59702400.00 59788800.00 15.55
59788800.00 59875200.00 15.56
59875200.00 59961600.00 15.56
59961600.00 60048000.00 15.56
60048000.00 60134400.00 15.56
60134400.00 60220800.00 15.55
60220800.00 60307200.00 15.55
60307200.00 60393600.00 15.54
60393600.00 60480000.00 15.54
60480000.00 60566400.00 15.53
60566400.00 60652800.00 15.52
60652800.00 60739200.00 15.5
60739200.00 60825600.00 15.49
60825600.00 60912000.00 15.47
60912000.00 60998400.00 15.46
60998400.00 61084800.00 15.44
61084800.00 61171200.00 15.42
61171200.00 61257600.00 15.4
61257600.00 61344000.00 15.37
61344000.00 61430400.00 15.35
61430400.00 61516800.00 15.32
61516800.00 61603200.00 15.29
61603200.00 61689600.00 15.26
61689600.00 61776000.00 15.23
61776000.00 61862400.00 15.2
61862400.00 61948800.00 15.17
61948800.00 62035200.00 15.13
62035200.00 62121600.00 15.1
62121600.00 62208000.00 15.06
62208000.00 62294400.00 15.02
62294400.00 62380800.00 14.98
62380800.00 62467200.00 14.94
62467200.00 62553600.00 14.89
62553600.00 62640000.00 14.85
62640000.00 62726400.00 14.8
62726400.00 62812800.00 14.75
62812800.00 62899200.00 14.71
62899200.00 62985600.00 14.66
62985600.00 63072000.00 14.6
63072000.00 63158400.00 14.55
63158400.00 63244800.00 14.5
63244800.00 63331200.00 14.44
63331200.00 63417600.00 14.38
63417600.00 63504000.00 14.33
63504000.00 63590400.00 14.27
63590400.00 63676800.00 14.21
63676800.00 63763200.00 14.15
63763200.00 63849600.00 14.08
63849600.00 63936000.00 14.02
63936000.00 64022400.00 13.96
64022400.00 64108800.00 13.89
64108800.00 64195200.00 13.82
64195200.00 64281600.00 13.75
64281600.00 64368000.00 13.69
64368000.00 64454400.00 13.62
64454400.00 64540800.00 13.54
64540800.00 64627200.00 13.47
64627200.00 64713600.00 13.4
64713600.00 64800000.00 13.33
64800000.00 64886400.00 13.25
64886400.00 64972800.00 13.18
64972800.00 65059200.00 13.1
65059200.00 65145600.00 13.02
65145600.00 65232000.00 12.94
65232000.00 65318400.00 12.86
65318400.00 65404800.00 12.78
65404800.00 65491200.00 12.7
65491200.00 65577600.00 12.62
65577600.00 65664000.00 12.54
65664000.00 65750400.00 12.46
65750400.00 65836800.00 12.38
65836800.00 65923200.00 12.29
65923200.00 66009600.00 12.21
66009600.00 66096000.00 12.12
66096000.00 66182400.00 12.04
66182400.00 66268800.00 11.95
66268800.00 66355200.00 11.86
66355200.00 66441600.00 11.78
66441600.00 66528000.00 11.69
66528000.00 66614400.00 11.6
66614400.00 66700800.00 11.51
66700800.00 66787200.00 11.42
66787200.00 66873600.00 11.34
66873600.00 66960000.00 11.25
66960000.00 67046400.00 11.16
67046400.00 67132800.00 11.07
67132800.00 67219200.00 10.98
67219200.00 67305600.00 10.89
67305600.00 67392000.00 10.8
67392000.00 67478400.00 10.71
67478400.00 67564800.00 10.61
67564800.00 67651200.00 10.52
67651200.00 67737600.00 10.43
67737600.00 67824000.00 10.34
67824000.00 67910400.00 10.25
67910400.00 67996800.00 10.16
67996800.00 68083200.00 10.07
68083200.00 68169600.00 9.98
68169600.00 68256000.00 9.89
68256000.00 68342400.00 9.8
68342400.00 68428800.00 9.71
68428800.00 68515200.00 9.62
68515200.00 68601600.00 9.52
68601600.00 68688000.00 9.43
68688000.00 68774400.00 9.35
68774400.00 68860800.00 9.26
68860800.00 68947200.00 9.17
68947200.00 69033600.00 9.08
69033600.00 69120000.00 8.99
69120000.00 69206400.00 8.9
69206400.00 69292800.00 8.81
69292800.00 69379200.00 8.73
69379200.00 69465600.00 8.64
69465600.00 69552000.00 8.55
69552000.00 69638400.00 8.47
69638400.00 69724800.00 8.38
69724800.00 69811200.00 8.3
69811200.00 69897600.00 8.21
69897600.00 69984000.00 8.13
69984000.00 70070400.00 8.05
70070400.00 70156800.00 7.96
70156800.00 70243200.00 7.88
70243200.00 70329600.00 7.8
70329600.00 70416000.00 7.72
70416000.00 70502400.00 7.64
70502400.00 70588800.00 7.56
70588800.00 70675200.00 7.49
70675200.00 70761600.00 7.41
70761600.00 70848000.00 7.33
70848000.00 70934400.00 7.26
70934400.00 71020800.00 7.18
71020800.00 71107200.00 7.11
71107200.00 71193600.00 7.04
71193600.00 71280000.00 6.97
71280000.00 71366400.00 6.9
71366400.00 71452800.00 6.83
71452800.00 71539200.00 6.76
71539200.00 71625600.00 6.69
71625600.00 71712000.00 6.62
71712000.00 71798400.00 6.56
71798400.00 71884800.00 6.49
71884800.00 71971200.00 6.43
71971200.00 72057600.00 6.37
72057600.00 72144000.00 6.31
72144000.00 72230400.00 6.25
72230400.00 72316800.00 6.19
72316800.00 72403200.00 6.13
72403200.00 72489600.00 6.08
72489600.00 72576000.00 6.02
72576000.00 72662400.00 5.97
72662400.00 72748800.00 5.92
72748800.00 72835200.00 5.86
72835200.00 72921600.00 5.81
72921600.00 73008000.00 5.77
73008000.00 73094400.00 5.72
73094400.00 73180800.00 5.67
73180800.00 73267200.00 5.63
73267200.00 73353600.00 5.59
73353600.00 73440000.00 5.54
73440000.00 73526400.00 5.5
73526400.00 73612800.00 5.47
73612800.00 73699200.00 5.43
73699200.00 73785600.00 5.39
73785600.00 73872000.00 5.36
73872000.00 73958400.00 5.33
73958400.00 74044800.00 5.29
74044800.00 74131200.00 5.26
74131200.00 74217600.00 5.24
74217600.00 74304000.00 5.21
74304000.00 74390400.00 5.18
74390400.00 74476800.00 5.16
74476800.00 74563200.00 5.14
74563200.00 74649600.00 5.12
74649600.00 74736000.00 5.1
74736000.00 74822400.00 5.08
74822400.00 74908800.00 5.06
74908800.00 74995200.00 5.05
74995200.00 75081600.00 5.03
75081600.00 75168000.00 5.02
75168000.00 75254400.00 5.01
75254400.00 75340800.00 5
75340800.00 75427200.00 5
75427200.00 75513600.00 4.99
75513600.00 75600000.00 4.99
75600000.00 75686400.00 4.98
75686400.00 75772800.00 4.98
75772800.00 75859200.00 4.98
75859200.00 75945600.00 4.99
75945600.00 76032000.00 4.99
76032000.00 76118400.00 5
76118400.00 76204800.00 5
76204800.00 76291200.00 5.01
76291200.00 76377600.00 5.02
76377600.00 76464000.00 5.03
76464000.00 76550400.00 5.05
76550400.00 76636800.00 5.06
76636800.00 76723200.00 5.08
76723200.00 76809600.00 5.09
76809600.00 76896000.00 5.11
76896000.00 76982400.00 5.13
76982400.00 77068800.00 5.16
77068800.00 77155200.00 5.18
77155200.00 77241600.00 5.21
77241600.00 77328000.00 5.23
77328000.00 77414400.00 5.26
77414400.00 77500800.00 5.29
77500800.00 77587200.00 5.32
77587200.00 77673600.00 5.36
77673600.00 77760000.00 5.39
77760000.00 77846400.00 5.43
77846400.00 77932800.00 5.46
77932800.00 78019200.00 5.5
78019200.00 78105600.00 5.54
78105600.00 78192000.00 5.58
78192000.00 78278400.00 5.63
78278400.00 78364800.00 5.67
78364800.00 78451200.00 5.72
78451200.00 78537600.00 5.76
78537600.00 78624000.00 5.81
78624000.00 78710400.00 5.86
78710400.00 78796800.00 5.91
78796800.00 78883200.00 5.96
78883200.00 78969600.00 6.02
78969600.00 79056000.00 6.07
79056000.00 79142400.00 6.13
79142400.00 79228800.00 6.19
79228800.00 79315200.00 6.24
79315200.00 79401600.00 6.3
79401600.00 79488000.00 6.36
79488000.00 79574400.00 6.43
79574400.00 79660800.00 6.49
79660800.00 79747200.00 6.55
79747200.00 79833600.00 6.62
79833600.00 79920000.00 6.69
79920000.00 80006400.00 6.75
80006400.00 80092800.00 6.82
80092800.00 80179200.00 6.89
80179200.00 80265600.00 6.96
80265600.00 80352000.00 7.03
80352000.00 80438400.00 7.11
80438400.00 80524800.00 7.18
80524800.00 80611200.00 7.25
80611200.00 80697600.00 7.33
80697600.00 80784000.00 7.4
80784000.00 80870400.00 7.48
80870400.00 80956800.00 7.56
80956800.00 81043200.00 7.64
81043200.00 81129600.00 7.72
81129600.00 81216000.00 7.8
81216000.00 81302400.00 7.88
81302400.00 81388800.00 7.96
81388800.00 81475200.00 8.04
81475200.00 81561600.00 8.12
81561600.00 81648000.00 8.21
81648000.00 81734400.00 8.29
81734400.00 81820800.00 8.38
81820800.00 81907200.00 8.46
81907200.00 81993600.00 8.55
81993600.00 82080000.00 8.63
82080000.00 82166400.00 8.72
82166400.00 82252800.00 8.81
82252800.00 82339200.00 8.9
82339200.00 82425600.00 8.98
82425600.00 82512000.00 9.07
82512000.00 82598400.00 9.16
82598400.00 82684800.00 9.25
82684800.00 82771200.00 9.34
82771200.00 82857600.00 9.43
82857600.00 82944000.00 9.52
82944000.00 83030400.00 9.61
83030400.00 83116800.00 9.7
83116800.00 83203200.00 9.79
83203200.00 83289600.00 9.88
83289600.00 83376000.00 9.97
83376000.00 83462400.00 10.06
83462400.00 83548800.00 10.15
83548800.00 83635200.00 10.25
83635200.00 83721600.00 10.34
83721600.00 83808000.00 10.43
83808000.00 83894400.00 10.52
83894400.00 83980800.00 10.61
83980800.00 84067200.00 10.7
84067200.00 84153600.00 10.79
84153600.00 84240000.00 10.88
84240000.00 84326400.00 10.97
84326400.00 84412800.00 11.06
84412800.00 84499200.00 11.15
84499200.00 84585600.00 11.24
84585600.00 84672000.00 11.33
84672000.00 84758400.00 11.42
84758400.00 84844800.00 11.51
84844800.00 84931200.00 11.6
84931200.00 85017600.00 11.68
85017600.00 85104000.00 11.77
85104000.00 85190400.00 11.86
85190400.00 85276800.00 11.95
85276800.00 85363200.00 12.03
85363200.00 85449600.00 12.12
85449600.00 85536000.00 12.2
85536000.00 85622400.00 12.29
85622400.00 85708800.00 12.37
85708800.00 85795200.00 12.45
85795200.00 85881600.00 12.54
85881600.00 85968000.00 12.62
85968000.00 86054400.00 12.7
86054400.00 86140800.00 12.78
86140800.00 86227200.00 12.86
86227200.00 86313600.00 12.94
86313600.00 86400000.00 13.02
86400000.00 86486400.00 13.09
86486400.00 86572800.00 13.17
86572800.00 86659200.00 13.25
86659200.00 86745600.00 13.32
86745600.00 86832000.00 13.4
86832000.00 86918400.00 13.47
86918400.00 87004800.00 13.54
87004800.00 87091200.00 13.61
87091200.00 87177600.00 13.68
87177600.00 87264000.00 13.75
87264000.00 87350400.00 13.82
87350400.00 87436800.00 13.89
87436800.00 87523200.00 13.95
87523200.00 87609600.00 14.02
87609600.00 87696000.00 14.08
87696000.00 87782400.00 14.14
87782400.00 87868800.00 14.2
87868800.00 87955200.00 14.26
87955200.00 88041600.00 14.32
88041600.00 88128000.00 14.38
88128000.00 88214400.00 14.44
88214400.00 88300800.00 14.49
88300800.00 88387200.00 14.55
88387200.00 88473600.00 14.6
88473600.00 88560000.00 14.65
88560000.00 88646400.00 14.7
88646400.00 88732800.00 14.75
88732800.00 88819200.00 14.8
88819200.00 88905600.00 14.85
88905600.00 88992000.00 14.89
88992000.00 89078400.00 14.93
89078400.00 89164800.00 14.98
89164800.00 89251200.00 15.02
89251200.00 89337600.00 15.06
89337600.00 89424000.00 15.09
89424000.00 89510400.00 15.13
89510400.00 89596800.00 15.17
89596800.00 89683200.00 15.2
89683200.00 89769600.00 15.23
89769600.00 89856000.00 15.26
89856000.00 89942400.00 15.29
89942400.00 90028800.00 15.32
90028800.00 90115200.00 15.35
90115200.00 90201600.00 15.37
90201600.00 90288000.00 15.39
90288000.00 90374400.00 15.42
90374400.00 90460800.00 15.44
90460800.00 90547200.00 15.46
90547200.00 90633600.00 15.47
90633600.00 90720000.00 15.49
90720000.00 90806400.00 15.5
90806400.00 90892800.00 15.51
90892800.00 90979200.00 15.53
90979200.00 91065600.00 15.54
91065600.00 91152000.00 15.54
91152000.00 91238400.00 15.55
91238400.00 91324800.00 15.55
91324800.00 91411200.00 15.56
91411200.00 91497600.00 15.56
91497600.00 91584000.00 15.56
91584000.00 91670400.00 15.56
91670400.00 91756800.00 15.55
91756800.00 91843200.00 15.55
91843200.00 91929600.00 15.54
91929600.00 92016000.00 15.54
92016000.00 92102400.00 15.53
92102400.00 92188800.00 15.52
92188800.00 92275200.00 15.5
92275200.00 92361600.00 15.49
92361600.00 92448000.00 15.47
92448000.00 92534400.00 15.46
92534400.00 92620800.00 15.44
92620800.00 92707200.00 15.42
92707200.00 92793600.00 15.4
92793600.00 92880000.00 15.37
92880000.00 92966400.00 15.35
92966400.00 93052800.00 15.32
93052800.00 93139200.00 15.29
93139200.00 93225600.00 15.26
93225600.00 93312000.00 15.23
93312000.00 93398400.00 15.2
93398400.00 93484800.00 15.17
93484800.00 93571200.00 15.13
93571200.00 93657600.00 15.1
93657600.00 93744000.00 15.06
93744000.00 93830400.00 15.02
93830400.00 93916800.00 14.98
93916800.00 94003200.00 14.94
94003200.00 94089600.00 14.89
94089600.00 94176000.00 14.85
94176000.00 94262400.00 14.8
94262400.00 94348800.00 14.75
94348800.00 94435200.00 14.71
94435200.00 94521600.00 14.66
94521600.00 94608000.00 14.6
