time value table
0.00 0.31
21600.00 0.31
43200.00 0.31
64800.00 0.31
86400.00 0.31
108000.00 0.31
129600.00 0.31
151200.00 0.31
172800.00 0.31
194400.00 0.31
216000.00 0.31
237600.00 0.31
259200.00 0.31
280800.00 0.31
302400.00 0.31
324000.00 0.31
345600.00 0.31
367200.00 0.31
388800.00 0.31
410400.00 0.31
432000.00 0.31
453600.00 0.31
475200.00 0.31
496800.00 0.31
518400.00 0.31
540000.00 0.31
561600.00 0.31
583200.00 0.31
604800.00 0.31
626400.00 0.31
648000.00 0.31
669600.00 0.31
691200.00 0.31
712800.00 0.31
734400.00 0.31
756000.00 0.31
777600.00 0.31
799200.00 0.31
820800.00 0.31
842400.00 0.31
864000.00 0.31
885600.00 0.31
907200.00 0.31
928800.00 0.31
950400.00 0.31
972000.00 0.31
993600.00 0.31
1015200.00 0.31
1036800.00 0.31
1058400.00 0.31
1080000.00 0.31
1101600.00 0.31
1123200.00 0.31
1144800.00 0.31
1166400.00 0.31
1188000.00 0.31
1209600.00 0.31
1231200.00 0.31
1252800.00 0.31
1274400.00 0.31
1296000.00 0.31
1317600.00 0.31
1339200.00 0.31
1360800.00 0.31
1382400.00 0.31
1404000.00 0.31
1425600.00 0.31
1447200.00 0.31
1468800.00 0.31
1490400.00 0.31
1512000.00 0.31
1533600.00 0.31
1555200.00 0.31
1576800.00 0.31
1598400.00 0.31
1620000.00 0.31
1641600.00 0.31
1663200.00 0.31
1684800.00 0.31
1706400.00 0.31
1728000.00 0.31
1749600.00 0.31
1771200.00 0.31
1792800.00 0.31
1814400.00 0.31
1836000.00 0.31
1857600.00 0.31
1879200.00 0.31
1900800.00 0.31
1922400.00 0.31
1944000.00 0.31
1965600.00 0.31
1987200.00 0.31
2008800.00 0.31
2030400.00 0.31
2052000.00 0.31
2073600.00 0.31
2095200.00 0.31
2116800.00 0.31
2138400.00 0.31
2160000.00 0.31
2181600.00 0.31
2203200.00 0.31
2224800.00 0.31
2246400.00 0.31
2268000.00 0.31
2289600.00 0.31
2311200.00 0.31
2332800.00 0.31
2354400.00 0.31
2376000.00 0.31
2397600.00 0.31
2419200.00 0.31
2440800.00 0.31
2462400.00 0.31
2484000.00 0.31
2505600.00 0.31
2527200.00 0.31
2548800.00 0.31
2570400.00 0.31
2592000.00 0.31
2613600.00 0.31
2635200.00 0.31
2656800.00 0.31
2678400.00 0.31
2700000.00 0.31
2721600.00 0.31
2743200.00 0.31
2764800.00 0.31
2786400.00 0.31
2808000.00 0.31
2829600.00 0.31
2851200.00 0.31
2872800.00 0.31
2894400.00 0.31
2916000.00 0.31
2937600.00 0.31
2959200.00 0.31
2980800.00 0.31
3002400.00 0.31
3024000.00 0.31
3045600.00 0.31
3067200.00 0.31
3088800.00 0.31
3110400.00 0.31
3132000.00 0.31
3153600.00 0.31
3175200.00 0.31
3196800.00 0.31
3218400.00 0.31
3240000.00 0.31
3261600.00 0.31
3283200.00 0.31
3304800.00 0.31
3326400.00 0.31
3348000.00 0.31
3369600.00 0.31
3391200.00 0.31
3412800.00 0.31
3434400.00 0.31
3456000.00 0.31
3477600.00 0.31
3499200.00 0.31
3520800.00 0.31
3542400.00 0.31
3564000.00 0.31
3585600.00 0.31
3607200.00 0.31
3628800.00 0.31
3650400.00 0.31
3672000.00 0.31
3693600.00 0.31
3715200.00 0.31
3736800.00 0.31
3758400.00 0.31
3780000.00 0.31
3801600.00 0.31
3823200.00 0.31
3844800.00 0.31
3866400.00 0.31
3888000.00 0.31
3909600.00 0.31
3931200.00 0.31
3952800.00 0.31
3974400.00 0.31
3996000.00 0.31
4017600.00 0.31
4039200.00 0.31
4060800.00 0.31
4082400.00 0.31
4104000.00 0.31
4125600.00 0.31
4147200.00 0.31
4168800.00 0.31
4190400.00 0.31
4212000.00 0.31
4233600.00 0.31
4255200.00 0.31
4276800.00 0.31
4298400.00 0.31
4320000.00 0.31
4341600.00 0.31
4363200.00 0.31
4384800.00 0.31
4406400.00 0.31
4428000.00 0.31
4449600.00 0.31
4471200.00 0.31
4492800.00 0.31
4514400.00 0.31
4536000.00 0.31
4557600.00 0.31
4579200.00 0.31
4600800.00 0.31
4622400.00 0.31
4644000.00 0.31
4665600.00 0.31
4687200.00 0.31
4708800.00 0.31
4730400.00 0.31
4752000.00 0.31
4773600.00 0.31
4795200.00 0.31
4816800.00 0.31
4838400.00 0.31
4860000.00 0.31
4881600.00 0.31
4903200.00 0.31
4924800.00 0.31
4946400.00 0.31
4968000.00 0.31
4989600.00 0.31
5011200.00 0.31
5032800.00 0.31
5054400.00 0.31
5076000.00 0.31
5097600.00 0.31
5119200.00 0.31
5140800.00 0.31
5162400.00 0.31
5184000.00 0.31
5205600.00 0.31
5227200.00 0.31
5248800.00 0.31
5270400.00 0.31
5292000.00 0.31
5313600.00 0.31
5335200.00 0.31
5356800.00 0.31
5378400.00 0.31
5400000.00 0.31
5421600.00 0.31
5443200.00 0.311
5464800.00 0.311
5486400.00 0.311
5508000.00 0.311
5529600.00 0.311
5551200.00 0.311
5572800.00 0.311
5594400.00 0.311
5616000.00 0.311
5637600.00 0.311
5659200.00 0.311
5680800.00 0.311
5702400.00 0.311
5724000.00 0.312
5745600.00 0.312
5767200.00 0.312
5788800.00 0.312
5810400.00 0.312
5832000.00 0.312
5853600.00 0.312
5875200.00 0.313
5896800.00 0.313
5918400.00 0.313
5940000.00 0.313
5961600.00 0.314
5983200.00 0.314
6004800.00 0.314
6026400.00 0.314
6048000.00 0.315
6069600.00 0.315
6091200.00 0.316
6112800.00 0.316
6134400.00 0.316
6156000.00 0.317
6177600.00 0.317
6199200.00 0.318
6220800.00 0.318
6242400.00 0.319
6264000.00 0.32
6285600.00 0.32
6307200.00 0.321
6328800.00 0.322
6350400.00 0.322
6372000.00 0.323
6393600.00 0.324
6415200.00 0.325
6436800.00 0.326
6458400.00 0.327
6480000.00 0.328
6501600.00 0.329
6523200.00 0.33
6544800.00 0.332
6566400.00 0.333
6588000.00 0.335
6609600.00 0.336
6631200.00 0.338
6652800.00 0.339
6674400.00 0.341
6696000.00 0.343
6717600.00 0.345
6739200.00 0.347
6760800.00 0.349
6782400.00 0.351
6804000.00 0.354
6825600.00 0.356
6847200.00 0.359
6868800.00 0.362
6890400.00 0.364
6912000.00 0.367
6933600.00 0.371
6955200.00 0.374
6976800.00 0.377
6998400.00 0.381
7020000.00 0.385
7041600.00 0.389
7063200.00 0.393
7084800.00 0.397
7106400.00 0.401
7128000.00 0.406
7149600.00 0.411
7171200.00 0.416
7192800.00 0.421
7214400.00 0.427
7236000.00 0.433
7257600.00 0.439
7279200.00 0.445
7300800.00 0.452
7322400.00 0.458
7344000.00 0.465
7365600.00 0.473
7387200.00 0.48
7408800.00 0.488
7430400.00 0.496
7452000.00 0.505
7473600.00 0.514
7495200.00 0.523
7516800.00 0.533
7538400.00 0.542
7560000.00 0.553
7581600.00 0.563
7603200.00 0.574
7624800.00 0.585
7646400.00 0.597
7668000.00 0.609
7689600.00 0.622
7711200.00 0.635
7732800.00 0.648
7754400.00 0.662
7776000.00 0.676
7797600.00 0.691
7819200.00 0.706
7840800.00 0.722
7862400.00 0.738
7884000.00 0.755
7905600.00 0.772
7927200.00 0.79
7948800.00 0.808
7970400.00 0.827
7992000.00 0.847
8013600.00 0.867
8035200.00 0.887
8056800.00 0.908
8078400.00 0.93
8100000.00 0.952
8121600.00 0.975
8143200.00 0.999
8164800.00 1.023
8186400.00 1.048
8208000.00 1.074
8229600.00 1.1
8251200.00 1.127
8272800.00 1.154
8294400.00 1.182
8316000.00 1.211
8337600.00 1.241
8359200.00 1.271
8380800.00 1.302
8402400.00 1.334
8424000.00 1.366
8445600.00 1.4
8467200.00 1.434
8488800.00 1.469
8510400.00 1.504
8532000.00 1.54
8553600.00 1.578
8575200.00 1.615
8596800.00 1.654
8618400.00 1.694
8640000.00 1.734
8661600.00 1.775
8683200.00 1.817
8704800.00 1.86
8726400.00 1.903
8748000.00 1.947
8769600.00 1.993
8791200.00 2.039
8812800.00 2.085
8834400.00 2.133
8856000.00 2.182
8877600.00 2.231
8899200.00 2.281
8920800.00 2.332
8942400.00 2.384
8964000.00 2.437
8985600.00 2.49
9007200.00 2.544
9028800.00 2.6
9050400.00 2.655
9072000.00 2.712
9093600.00 2.77
9115200.00 2.828
9136800.00 2.888
9158400.00 2.948
9180000.00 3.008
9201600.00 3.07
9223200.00 3.132
9244800.00 3.196
9266400.00 3.26
9288000.00 3.324
9309600.00 3.39
9331200.00 3.456
9352800.00 3.523
9374400.00 3.591
9396000.00 3.659
9417600.00 3.728
9439200.00 3.798
9460800.00 3.868
9482400.00 3.939
9504000.00 4.011
9525600.00 4.084
9547200.00 4.157
9568800.00 4.23
9590400.00 4.305
9612000.00 4.379
9633600.00 4.455
9655200.00 4.531
9676800.00 4.607
9698400.00 4.684
9720000.00 4.762
9741600.00 4.84
9763200.00 4.918
9784800.00 4.997
9806400.00 5.076
9828000.00 5.156
9849600.00 5.236
9871200.00 5.316
9892800.00 5.397
9914400.00 5.478
9936000.00 5.56
9957600.00 5.641
9979200.00 5.723
10000800.00 5.805
10022400.00 5.888
10044000.00 5.97
10065600.00 6.053
10087200.00 6.136
10108800.00 6.219
10130400.00 6.302
10152000.00 6.385
10173600.00 6.468
10195200.00 6.551
10216800.00 6.634
10238400.00 6.717
10260000.00 6.8
10281600.00 6.883
10303200.00 6.966
10324800.00 7.048
10346400.00 7.131
10368000.00 7.213
10389600.00 7.295
10411200.00 7.377
10432800.00 7.459
10454400.00 7.54
10476000.00 7.621
10497600.00 7.701
10519200.00 7.781
10540800.00 7.861
10562400.00 7.941
10584000.00 8.02
10605600.00 8.098
10627200.00 8.176
10648800.00 8.253
10670400.00 8.33
10692000.00 8.406
10713600.00 8.482
10735200.00 8.557
10756800.00 8.631
10778400.00 8.705
10800000.00 8.778
10821600.00 8.85
10843200.00 8.922
10864800.00 8.992
10886400.00 9.062
10908000.00 9.131
10929600.00 9.2
10951200.00 9.267
10972800.00 9.333
10994400.00 9.399
11016000.00 9.464
11037600.00 9.527
11059200.00 9.59
11080800.00 9.652
11102400.00 9.712
11124000.00 9.772
11145600.00 9.83
11167200.00 9.888
11188800.00 9.944
11210400.00 10
11232000.00 10.054
11253600.00 10.107
11275200.00 10.159
11296800.00 10.209
11318400.00 10.259
11340000.00 10.307
11361600.00 10.354
11383200.00 10.4
11404800.00 10.445
11426400.00 10.488
11448000.00 10.53
11469600.00 10.571
11491200.00 10.611
11512800.00 10.649
11534400.00 10.686
11556000.00 10.722
11577600.00 10.756
11599200.00 10.789
11620800.00 10.821
11642400.00 10.851
11664000.00 10.88
11685600.00 10.908
11707200.00 10.934
11728800.00 10.959
11750400.00 10.983
11772000.00 11.005
11793600.00 11.026
11815200.00 11.045
11836800.00 11.063
11858400.00 11.08
11880000.00 11.095
11901600.00 11.109
11923200.00 11.122
11944800.00 11.133
11966400.00 11.143
11988000.00 11.152
12009600.00 11.159
12031200.00 11.165
12052800.00 11.17
12074400.00 11.173
12096000.00 11.175
12117600.00 11.175
12139200.00 11.175
12160800.00 11.173
12182400.00 11.17
12204000.00 11.165
12225600.00 11.159
12247200.00 11.152
12268800.00 11.144
12290400.00 11.135
12312000.00 11.124
12333600.00 11.112
12355200.00 11.099
12376800.00 11.085
12398400.00 11.07
12420000.00 11.054
12441600.00 11.036
12463200.00 11.018
12484800.00 10.998
12506400.00 10.978
12528000.00 10.956
12549600.00 10.934
12571200.00 10.91
12592800.00 10.886
12614400.00 10.86
12636000.00 10.834
12657600.00 10.807
12679200.00 10.779
12700800.00 10.75
12722400.00 10.721
12744000.00 10.69
12765600.00 10.659
12787200.00 10.627
12808800.00 10.595
12830400.00 10.562
12852000.00 10.528
12873600.00 10.494
12895200.00 10.459
12916800.00 10.424
12938400.00 10.389
12960000.00 10.352
12981600.00 10.316
13003200.00 10.279
13024800.00 10.242
13046400.00 10.204
13068000.00 10.166
13089600.00 10.128
13111200.00 10.09
13132800.00 10.052
13154400.00 10.014
13176000.00 9.975
13197600.00 9.937
13219200.00 9.898
13240800.00 9.86
13262400.00 9.822
13284000.00 9.784
13305600.00 9.746
13327200.00 9.708
13348800.00 9.671
13370400.00 9.634
13392000.00 9.597
13413600.00 9.561
13435200.00 9.525
13456800.00 9.49
13478400.00 9.456
13500000.00 9.422
13521600.00 9.388
13543200.00 9.356
13564800.00 9.324
13586400.00 9.293
13608000.00 9.262
13629600.00 9.233
13651200.00 9.204
13672800.00 9.177
13694400.00 9.151
13716000.00 9.125
13737600.00 9.101
13759200.00 9.078
13780800.00 9.056
13802400.00 9.036
13824000.00 9.017
13845600.00 8.999
13867200.00 8.983
13888800.00 8.968
13910400.00 8.955
13932000.00 8.943
13953600.00 8.933
13975200.00 8.925
13996800.00 8.918
14018400.00 8.913
14040000.00 8.91
14061600.00 8.908
14083200.00 8.909
14104800.00 8.912
14126400.00 8.916
14148000.00 8.923
14169600.00 8.931
14191200.00 8.942
14212800.00 8.955
14234400.00 8.97
14256000.00 8.988
14277600.00 9.007
14299200.00 9.029
14320800.00 9.054
14342400.00 9.08
14364000.00 9.109
14385600.00 9.141
14407200.00 9.175
14428800.00 9.212
14450400.00 9.251
14472000.00 9.293
14493600.00 9.337
14515200.00 9.384
14536800.00 9.433
14558400.00 9.486
14580000.00 9.541
14601600.00 9.598
14623200.00 9.659
14644800.00 9.722
14666400.00 9.788
14688000.00 9.857
14709600.00 9.928
14731200.00 10.003
14752800.00 10.08
14774400.00 10.16
14796000.00 10.243
14817600.00 10.328
14839200.00 10.417
14860800.00 10.508
14882400.00 10.603
14904000.00 10.7
14925600.00 10.799
14947200.00 10.902
14968800.00 11.007
14990400.00 11.116
15012000.00 11.227
15033600.00 11.34
15055200.00 11.457
15076800.00 11.576
15098400.00 11.698
15120000.00 11.823
15141600.00 11.95
15163200.00 12.08
15184800.00 12.212
15206400.00 12.347
15228000.00 12.484
15249600.00 12.624
15271200.00 12.766
15292800.00 12.911
15314400.00 13.058
15336000.00 13.207
15357600.00 13.359
15379200.00 13.513
15400800.00 13.669
15422400.00 13.826
15444000.00 13.986
15465600.00 14.148
15487200.00 14.312
15508800.00 14.478
15530400.00 14.645
15552000.00 14.814
15573600.00 14.985
15595200.00 15.157
15616800.00 15.331
15638400.00 15.506
15660000.00 15.683
15681600.00 15.86
15703200.00 16.039
15724800.00 16.219
15746400.00 16.4
15768000.00 16.582
15789600.00 16.765
15811200.00 16.949
15832800.00 17.133
15854400.00 17.318
15876000.00 17.503
15897600.00 17.689
15919200.00 17.875
15940800.00 18.061
15962400.00 18.247
15984000.00 18.433
16005600.00 18.619
16027200.00 18.805
16048800.00 18.991
16070400.00 19.177
16092000.00 19.361
16113600.00 19.546
16135200.00 19.729
16156800.00 19.912
16178400.00 20.094
16200000.00 20.275
16221600.00 20.455
16243200.00 20.634
16264800.00 20.811
16286400.00 20.988
16308000.00 21.162
16329600.00 21.335
16351200.00 21.507
16372800.00 21.677
16394400.00 21.844
16416000.00 22.01
16437600.00 22.174
16459200.00 22.336
16480800.00 22.495
16502400.00 22.652
16524000.00 22.807
16545600.00 22.959
16567200.00 23.109
16588800.00 23.256
16610400.00 23.4
16632000.00 23.541
16653600.00 23.68
16675200.00 23.815
16696800.00 23.947
16718400.00 24.077
16740000.00 24.202
16761600.00 24.325
16783200.00 24.444
16804800.00 24.56
16826400.00 24.672
16848000.00 24.781
16869600.00 24.885
16891200.00 24.987
16912800.00 25.084
16934400.00 25.178
16956000.00 25.267
16977600.00 25.353
16999200.00 25.435
17020800.00 25.513
17042400.00 25.586
17064000.00 25.656
17085600.00 25.721
17107200.00 25.782
17128800.00 25.839
17150400.00 25.892
17172000.00 25.94
17193600.00 25.984
17215200.00 26.024
17236800.00 26.059
17258400.00 26.09
17280000.00 26.117
17301600.00 26.139
17323200.00 26.157
17344800.00 26.17
17366400.00 26.178
17388000.00 26.183
17409600.00 26.183
17431200.00 26.178
17452800.00 26.169
17474400.00 26.155
17496000.00 26.138
17517600.00 26.115
17539200.00 26.089
17560800.00 26.057
17582400.00 26.022
17604000.00 25.982
17625600.00 25.938
17647200.00 25.889
17668800.00 25.837
17690400.00 25.78
17712000.00 25.719
17733600.00 25.653
17755200.00 25.584
17776800.00 25.51
17798400.00 25.433
17820000.00 25.351
17841600.00 25.266
17863200.00 25.176
17884800.00 25.083
17906400.00 24.986
17928000.00 24.885
17949600.00 24.78
17971200.00 24.672
17992800.00 24.56
18014400.00 24.445
18036000.00 24.326
18057600.00 24.204
18079200.00 24.079
18100800.00 23.95
18122400.00 23.818
18144000.00 23.683
18165600.00 23.545
18187200.00 23.404
18208800.00 23.26
18230400.00 23.113
18252000.00 22.963
18273600.00 22.811
18295200.00 22.656
18316800.00 22.498
18338400.00 22.338
18360000.00 22.175
18381600.00 22.011
18403200.00 21.844
18424800.00 21.674
18446400.00 21.503
18468000.00 21.33
18489600.00 21.154
18511200.00 20.977
18532800.00 20.798
18554400.00 20.618
18576000.00 20.436
18597600.00 20.252
18619200.00 20.066
18640800.00 19.88
18662400.00 19.692
18684000.00 19.503
18705600.00 19.312
18727200.00 19.121
18748800.00 18.929
18770400.00 18.735
18792000.00 18.541
18813600.00 18.346
18835200.00 18.151
18856800.00 17.954
18878400.00 17.757
18900000.00 17.56
18921600.00 17.362
18943200.00 17.164
18964800.00 16.966
18986400.00 16.768
19008000.00 16.569
19029600.00 16.37
19051200.00 16.171
19072800.00 15.973
19094400.00 15.774
19116000.00 15.576
19137600.00 15.378
19159200.00 15.18
19180800.00 14.983
19202400.00 14.786
19224000.00 14.59
19245600.00 14.394
19267200.00 14.198
19288800.00 14.004
19310400.00 13.81
19332000.00 13.617
19353600.00 13.424
19375200.00 13.233
19396800.00 13.042
19418400.00 12.853
19440000.00 12.664
19461600.00 12.477
19483200.00 12.29
19504800.00 12.105
19526400.00 11.921
19548000.00 11.738
19569600.00 11.556
19591200.00 11.376
19612800.00 11.197
19634400.00 11.019
19656000.00 10.843
19677600.00 10.668
19699200.00 10.494
19720800.00 10.322
19742400.00 10.152
19764000.00 9.983
19785600.00 9.815
19807200.00 9.649
19828800.00 9.485
19850400.00 9.322
19872000.00 9.161
19893600.00 9.002
19915200.00 8.844
19936800.00 8.688
19958400.00 8.534
19980000.00 8.381
20001600.00 8.23
20023200.00 8.081
20044800.00 7.934
20066400.00 7.788
20088000.00 7.644
20109600.00 7.502
20131200.00 7.362
20152800.00 7.223
20174400.00 7.086
20196000.00 6.951
20217600.00 6.818
20239200.00 6.687
20260800.00 6.557
20282400.00 6.43
20304000.00 6.304
20325600.00 6.18
20347200.00 6.057
20368800.00 5.937
20390400.00 5.818
20412000.00 5.701
20433600.00 5.586
20455200.00 5.472
20476800.00 5.361
20498400.00 5.251
20520000.00 5.142
20541600.00 5.036
20563200.00 4.931
20584800.00 4.828
20606400.00 4.727
20628000.00 4.628
20649600.00 4.53
20671200.00 4.433
20692800.00 4.339
20714400.00 4.246
20736000.00 4.155
20757600.00 4.065
20779200.00 3.977
20800800.00 3.891
20822400.00 3.806
20844000.00 3.723
20865600.00 3.641
20887200.00 3.561
20908800.00 3.482
20930400.00 3.405
20952000.00 3.33
20973600.00 3.256
20995200.00 3.183
21016800.00 3.112
21038400.00 3.042
21060000.00 2.973
21081600.00 2.906
21103200.00 2.841
21124800.00 2.776
21146400.00 2.713
21168000.00 2.652
21189600.00 2.591
21211200.00 2.532
21232800.00 2.474
21254400.00 2.418
21276000.00 2.362
21297600.00 2.308
21319200.00 2.255
21340800.00 2.203
21362400.00 2.153
21384000.00 2.103
21405600.00 2.055
21427200.00 2.008
21448800.00 1.961
21470400.00 1.916
21492000.00 1.872
21513600.00 1.829
21535200.00 1.787
21556800.00 1.746
21578400.00 1.706
21600000.00 1.667
21621600.00 1.629
21643200.00 1.591
21664800.00 1.555
21686400.00 1.519
21708000.00 1.485
21729600.00 1.451
21751200.00 1.418
21772800.00 1.386
21794400.00 1.355
21816000.00 1.324
21837600.00 1.295
21859200.00 1.266
21880800.00 1.237
21902400.00 1.21
21924000.00 1.183
21945600.00 1.157
21967200.00 1.132
21988800.00 1.107
22010400.00 1.083
22032000.00 1.059
22053600.00 1.037
22075200.00 1.014
22096800.00 0.993
22118400.00 0.972
22140000.00 0.951
22161600.00 0.931
22183200.00 0.912
22204800.00 0.893
22226400.00 0.875
22248000.00 0.857
22269600.00 0.84
22291200.00 0.823
22312800.00 0.807
22334400.00 0.791
22356000.00 0.776
22377600.00 0.761
22399200.00 0.746
22420800.00 0.732
22442400.00 0.719
22464000.00 0.705
22485600.00 0.692
22507200.00 0.68
22528800.00 0.668
22550400.00 0.656
22572000.00 0.644
22593600.00 0.633
22615200.00 0.623
22636800.00 0.612
22658400.00 0.602
22680000.00 0.592
22701600.00 0.583
22723200.00 0.574
22744800.00 0.565
22766400.00 0.556
22788000.00 0.548
22809600.00 0.539
22831200.00 0.532
22852800.00 0.524
22874400.00 0.517
22896000.00 0.509
22917600.00 0.503
22939200.00 0.496
22960800.00 0.489
22982400.00 0.483
23004000.00 0.477
23025600.00 0.471
23047200.00 0.465
23068800.00 0.46
23090400.00 0.455
23112000.00 0.449
23133600.00 0.444
23155200.00 0.44
23176800.00 0.435
23198400.00 0.43
23220000.00 0.426
23241600.00 0.422
23263200.00 0.418
23284800.00 0.414
23306400.00 0.41
23328000.00 0.406
23349600.00 0.403
23371200.00 0.399
23392800.00 0.396
23414400.00 0.393
23436000.00 0.39
23457600.00 0.387
23479200.00 0.384
23500800.00 0.381
23522400.00 0.379
23544000.00 0.376
23565600.00 0.374
23587200.00 0.371
23608800.00 0.369
23630400.00 0.367
23652000.00 0.364
23673600.00 0.362
23695200.00 0.36
23716800.00 0.358
23738400.00 0.357
23760000.00 0.355
23781600.00 0.353
23803200.00 0.351
23824800.00 0.35
23846400.00 0.348
23868000.00 0.347
23889600.00 0.345
23911200.00 0.344
23932800.00 0.343
23954400.00 0.341
23976000.00 0.34
23997600.00 0.339
24019200.00 0.338
24040800.00 0.337
24062400.00 0.336
24084000.00 0.335
24105600.00 0.334
24127200.00 0.333
24148800.00 0.332
24170400.00 0.331
24192000.00 0.33
24213600.00 0.329
24235200.00 0.328
24256800.00 0.328
24278400.00 0.327
24300000.00 0.326
24321600.00 0.326
24343200.00 0.325
24364800.00 0.324
24386400.00 0.324
24408000.00 0.323
24429600.00 0.323
24451200.00 0.322
24472800.00 0.322
24494400.00 0.321
24516000.00 0.321
24537600.00 0.32
24559200.00 0.32
24580800.00 0.319
24602400.00 0.319
24624000.00 0.319
24645600.00 0.318
24667200.00 0.318
24688800.00 0.318
24710400.00 0.317
24732000.00 0.317
24753600.00 0.317
24775200.00 0.316
24796800.00 0.316
24818400.00 0.316
24840000.00 0.316
24861600.00 0.315
24883200.00 0.315
24904800.00 0.315
24926400.00 0.315
24948000.00 0.314
24969600.00 0.314
24991200.00 0.314
25012800.00 0.314
25034400.00 0.314
25056000.00 0.314
25077600.00 0.313
25099200.00 0.313
25120800.00 0.313
25142400.00 0.313
25164000.00 0.313
25185600.00 0.313
25207200.00 0.313
25228800.00 0.312
25250400.00 0.312
25272000.00 0.312
25293600.00 0.312
25315200.00 0.312
25336800.00 0.312
25358400.00 0.312
25380000.00 0.312
25401600.00 0.312
25423200.00 0.312
25444800.00 0.312
25466400.00 0.311
25488000.00 0.311
25509600.00 0.311
25531200.00 0.311
25552800.00 0.311
25574400.00 0.311
25596000.00 0.311
25617600.00 0.311
25639200.00 0.311
25660800.00 0.311
25682400.00 0.311
25704000.00 0.311
25725600.00 0.311
25747200.00 0.311
25768800.00 0.311
25790400.00 0.311
25812000.00 0.311
25833600.00 0.311
25855200.00 0.311
25876800.00 0.311
25898400.00 0.311
25920000.00 0.311
25941600.00 0.311
25963200.00 0.31
25984800.00 0.31
26006400.00 0.31
26028000.00 0.31
26049600.00 0.31
26071200.00 0.31
26092800.00 0.31
26114400.00 0.31
26136000.00 0.31
26157600.00 0.31
26179200.00 0.31
26200800.00 0.31
26222400.00 0.31
26244000.00 0.31
26265600.00 0.31
26287200.00 0.31
26308800.00 0.31
26330400.00 0.31
26352000.00 0.31
26373600.00 0.31
26395200.00 0.31
26416800.00 0.31
26438400.00 0.31
26460000.00 0.31
26481600.00 0.31
26503200.00 0.31
26524800.00 0.31
26546400.00 0.31
26568000.00 0.31
26589600.00 0.31
26611200.00 0.31
26632800.00 0.31
26654400.00 0.31
26676000.00 0.31
26697600.00 0.31
26719200.00 0.31
26740800.00 0.31
26762400.00 0.31
26784000.00 0.31
26805600.00 0.31
26827200.00 0.31
26848800.00 0.31
26870400.00 0.31
26892000.00 0.31
26913600.00 0.31
26935200.00 0.31
26956800.00 0.31
26978400.00 0.31
27000000.00 0.31
27021600.00 0.31
27043200.00 0.31
27064800.00 0.31
27086400.00 0.31
27108000.00 0.31
27129600.00 0.31
27151200.00 0.31
27172800.00 0.31
27194400.00 0.31
27216000.00 0.31
27237600.00 0.31
27259200.00 0.31
27280800.00 0.31
27302400.00 0.31
27324000.00 0.31
27345600.00 0.31
27367200.00 0.31
27388800.00 0.31
27410400.00 0.31
27432000.00 0.31
27453600.00 0.31
27475200.00 0.31
27496800.00 0.31
27518400.00 0.31
27540000.00 0.31
27561600.00 0.31
27583200.00 0.31
27604800.00 0.31
27626400.00 0.31
27648000.00 0.31
27669600.00 0.31
27691200.00 0.31
27712800.00 0.31
27734400.00 0.31
27756000.00 0.31
27777600.00 0.31
27799200.00 0.31
27820800.00 0.31
27842400.00 0.31
27864000.00 0.31
27885600.00 0.31
27907200.00 0.31
27928800.00 0.31
27950400.00 0.31
27972000.00 0.31
27993600.00 0.31
28015200.00 0.31
28036800.00 0.31
28058400.00 0.31
28080000.00 0.31
28101600.00 0.31
28123200.00 0.31
28144800.00 0.31
28166400.00 0.31
28188000.00 0.31
28209600.00 0.31
28231200.00 0.31
28252800.00 0.31
28274400.00 0.31
28296000.00 0.31
28317600.00 0.31
28339200.00 0.31
28360800.00 0.31
28382400.00 0.31
28404000.00 0.31
28425600.00 0.31
28447200.00 0.31
28468800.00 0.31
28490400.00 0.31
28512000.00 0.31
28533600.00 0.31
28555200.00 0.31
28576800.00 0.31
28598400.00 0.31
28620000.00 0.31
28641600.00 0.31
28663200.00 0.31
28684800.00 0.31
28706400.00 0.31
28728000.00 0.31
28749600.00 0.31
28771200.00 0.31
28792800.00 0.31
28814400.00 0.31
28836000.00 0.31
28857600.00 0.31
28879200.00 0.31
28900800.00 0.31
28922400.00 0.31
28944000.00 0.31
28965600.00 0.31
28987200.00 0.31
29008800.00 0.31
29030400.00 0.31
29052000.00 0.31
29073600.00 0.31
29095200.00 0.31
29116800.00 0.31
29138400.00 0.31
29160000.00 0.31
29181600.00 0.31
29203200.00 0.31
29224800.00 0.31
29246400.00 0.31
29268000.00 0.31
29289600.00 0.31
29311200.00 0.31
29332800.00 0.31
29354400.00 0.31
29376000.00 0.31
29397600.00 0.31
29419200.00 0.31
29440800.00 0.31
29462400.00 0.31
29484000.00 0.31
29505600.00 0.31
29527200.00 0.31
29548800.00 0.31
29570400.00 0.31
29592000.00 0.31
29613600.00 0.31
29635200.00 0.31
29656800.00 0.31
29678400.00 0.31
29700000.00 0.31
29721600.00 0.31
29743200.00 0.31
29764800.00 0.31
29786400.00 0.31
29808000.00 0.31
29829600.00 0.31
29851200.00 0.31
29872800.00 0.31
29894400.00 0.31
29916000.00 0.31
29937600.00 0.31
29959200.00 0.31
29980800.00 0.31
30002400.00 0.31
30024000.00 0.31
30045600.00 0.31
30067200.00 0.31
30088800.00 0.31
30110400.00 0.31
30132000.00 0.31
30153600.00 0.31
30175200.00 0.31
30196800.00 0.31
30218400.00 0.31
30240000.00 0.31
30261600.00 0.31
30283200.00 0.31
30304800.00 0.31
30326400.00 0.31
30348000.00 0.31
30369600.00 0.31
30391200.00 0.31
30412800.00 0.31
30434400.00 0.31
30456000.00 0.31
30477600.00 0.31
30499200.00 0.31
30520800.00 0.31
30542400.00 0.31
30564000.00 0.31
30585600.00 0.31
30607200.00 0.31
30628800.00 0.31
30650400.00 0.31
30672000.00 0.31
30693600.00 0.31
30715200.00 0.31
30736800.00 0.31
30758400.00 0.31
30780000.00 0.31
30801600.00 0.31
30823200.00 0.31
30844800.00 0.31
30866400.00 0.31
30888000.00 0.31
30909600.00 0.31
30931200.00 0.31
30952800.00 0.31
30974400.00 0.31
30996000.00 0.31
31017600.00 0.31
31039200.00 0.31
31060800.00 0.31
31082400.00 0.31
31104000.00 0.31
31125600.00 0.31
31147200.00 0.31
31168800.00 0.31
31190400.00 0.31
31212000.00 0.31
31233600.00 0.31
31255200.00 0.31
31276800.00 0.31
31298400.00 0.31
31320000.00 0.31
31341600.00 0.31
31363200.00 0.31
31384800.00 0.31
31406400.00 0.31
31428000.00 0.31
31449600.00 0.31
31471200.00 0.31
31492800.00 0.31
31514400.00 0.31
31536000.00 0.31
31557600.00 0.31
31579200.00 0.31
31600800.00 0.31
31622400.00 0.31
31644000.00 0.31
31665600.00 0.31
31687200.00 0.31
31708800.00 0.31
31730400.00 0.31
31752000.00 0.31
31773600.00 0.31
31795200.00 0.31
31816800.00 0.31
31838400.00 0.31
31860000.00 0.31
31881600.00 0.31
31903200.00 0.31
31924800.00 0.31
31946400.00 0.31
31968000.00 0.31
31989600.00 0.31
32011200.00 0.31
32032800.00 0.31
32054400.00 0.31
32076000.00 0.31
32097600.00 0.31
32119200.00 0.31
32140800.00 0.31
32162400.00 0.31
32184000.00 0.31
32205600.00 0.31
32227200.00 0.31
32248800.00 0.31
32270400.00 0.31
32292000.00 0.31
32313600.00 0.31
32335200.00 0.31
32356800.00 0.31
32378400.00 0.31
32400000.00 0.31
32421600.00 0.31
32443200.00 0.31
32464800.00 0.31
32486400.00 0.31
32508000.00 0.31
32529600.00 0.31
32551200.00 0.31
32572800.00 0.31
32594400.00 0.31
32616000.00 0.31
32637600.00 0.31
32659200.00 0.31
32680800.00 0.31
32702400.00 0.31
32724000.00 0.31
32745600.00 0.31
32767200.00 0.31
32788800.00 0.31
32810400.00 0.31
32832000.00 0.31
32853600.00 0.31
32875200.00 0.31
32896800.00 0.31
32918400.00 0.31
32940000.00 0.31
32961600.00 0.31
32983200.00 0.31
33004800.00 0.31
33026400.00 0.31
33048000.00 0.31
33069600.00 0.31
33091200.00 0.31
33112800.00 0.31
33134400.00 0.31
33156000.00 0.31
33177600.00 0.31
33199200.00 0.31
33220800.00 0.31
33242400.00 0.31
33264000.00 0.31
33285600.00 0.31
33307200.00 0.31
33328800.00 0.31
33350400.00 0.31
33372000.00 0.31
33393600.00 0.31
33415200.00 0.31
33436800.00 0.31
33458400.00 0.31
33480000.00 0.31
33501600.00 0.31
33523200.00 0.31
33544800.00 0.31
33566400.00 0.31
33588000.00 0.31
33609600.00 0.31
33631200.00 0.31
33652800.00 0.31
33674400.00 0.31
33696000.00 0.31
33717600.00 0.31
33739200.00 0.31
33760800.00 0.31
33782400.00 0.31
33804000.00 0.31
33825600.00 0.31
33847200.00 0.31
33868800.00 0.31
33890400.00 0.31
33912000.00 0.31
33933600.00 0.31
33955200.00 0.31
33976800.00 0.31
33998400.00 0.31
34020000.00 0.31
34041600.00 0.31
34063200.00 0.31
34084800.00 0.31
34106400.00 0.31
34128000.00 0.31
34149600.00 0.31
34171200.00 0.31
34192800.00 0.31
34214400.00 0.31
34236000.00 0.31
34257600.00 0.31
34279200.00 0.31
34300800.00 0.31
34322400.00 0.31
34344000.00 0.31
34365600.00 0.31
34387200.00 0.31
34408800.00 0.31
34430400.00 0.31
34452000.00 0.31
34473600.00 0.31
34495200.00 0.31
34516800.00 0.31
34538400.00 0.31
34560000.00 0.31
34581600.00 0.31
34603200.00 0.31
34624800.00 0.31
34646400.00 0.31
34668000.00 0.31
34689600.00 0.31
34711200.00 0.31
34732800.00 0.31
34754400.00 0.31
34776000.00 0.31
34797600.00 0.31
34819200.00 0.31
34840800.00 0.31
34862400.00 0.31
34884000.00 0.31
34905600.00 0.31
34927200.00 0.31
34948800.00 0.31
34970400.00 0.31
34992000.00 0.31
35013600.00 0.31
35035200.00 0.31
35056800.00 0.31
35078400.00 0.31
35100000.00 0.31
35121600.00 0.31
35143200.00 0.31
35164800.00 0.31
35186400.00 0.31
35208000.00 0.31
35229600.00 0.31
35251200.00 0.31
35272800.00 0.31
35294400.00 0.31
35316000.00 0.31
35337600.00 0.31
35359200.00 0.31
35380800.00 0.31
35402400.00 0.31
35424000.00 0.31
35445600.00 0.31
35467200.00 0.31
35488800.00 0.31
35510400.00 0.31
35532000.00 0.31
35553600.00 0.31
35575200.00 0.31
35596800.00 0.31
35618400.00 0.31
35640000.00 0.31
35661600.00 0.31
35683200.00 0.31
35704800.00 0.31
35726400.00 0.31
35748000.00 0.31
35769600.00 0.31
35791200.00 0.31
35812800.00 0.31
35834400.00 0.31
35856000.00 0.31
35877600.00 0.31
35899200.00 0.31
35920800.00 0.31
35942400.00 0.31
35964000.00 0.31
35985600.00 0.31
36007200.00 0.31
36028800.00 0.31
36050400.00 0.31
36072000.00 0.31
36093600.00 0.31
36115200.00 0.31
36136800.00 0.31
36158400.00 0.31
36180000.00 0.31
36201600.00 0.31
36223200.00 0.31
36244800.00 0.31
36266400.00 0.31
36288000.00 0.31
36309600.00 0.31
36331200.00 0.31
36352800.00 0.31
36374400.00 0.31
36396000.00 0.31
36417600.00 0.31
36439200.00 0.31
36460800.00 0.31
36482400.00 0.31
36504000.00 0.31
36525600.00 0.31
36547200.00 0.31
36568800.00 0.31
36590400.00 0.31
36612000.00 0.31
36633600.00 0.31
36655200.00 0.31
36676800.00 0.31
36698400.00 0.31
36720000.00 0.31
36741600.00 0.31
36763200.00 0.31
36784800.00 0.31
36806400.00 0.31
36828000.00 0.31
36849600.00 0.31
36871200.00 0.31
36892800.00 0.31
36914400.00 0.31
36936000.00 0.31
36957600.00 0.31
36979200.00 0.311
37000800.00 0.311
37022400.00 0.311
37044000.00 0.311
37065600.00 0.311
37087200.00 0.311
37108800.00 0.311
37130400.00 0.311
37152000.00 0.311
37173600.00 0.311
37195200.00 0.311
37216800.00 0.311
37238400.00 0.311
37260000.00 0.312
37281600.00 0.312
37303200.00 0.312
37324800.00 0.312
37346400.00 0.312
37368000.00 0.312
37389600.00 0.312
37411200.00 0.313
37432800.00 0.313
37454400.00 0.313
37476000.00 0.313
37497600.00 0.314
37519200.00 0.314
37540800.00 0.314
37562400.00 0.314
37584000.00 0.315
37605600.00 0.315
37627200.00 0.316
37648800.00 0.316
37670400.00 0.316
37692000.00 0.317
37713600.00 0.317
37735200.00 0.318
37756800.00 0.318
37778400.00 0.319
37800000.00 0.32
37821600.00 0.32
37843200.00 0.321
37864800.00 0.322
37886400.00 0.322
37908000.00 0.323
37929600.00 0.324
37951200.00 0.325
37972800.00 0.326
37994400.00 0.327
38016000.00 0.328
38037600.00 0.329
38059200.00 0.33
38080800.00 0.332
38102400.00 0.333
38124000.00 0.335
38145600.00 0.336
38167200.00 0.338
38188800.00 0.339
38210400.00 0.341
38232000.00 0.343
38253600.00 0.345
38275200.00 0.347
38296800.00 0.349
38318400.00 0.351
38340000.00 0.354
38361600.00 0.356
38383200.00 0.359
38404800.00 0.362
38426400.00 0.364
38448000.00 0.367
38469600.00 0.371
38491200.00 0.374
38512800.00 0.377
38534400.00 0.381
38556000.00 0.385
38577600.00 0.389
38599200.00 0.393
38620800.00 0.397
38642400.00 0.401
38664000.00 0.406
38685600.00 0.411
38707200.00 0.416
38728800.00 0.421
38750400.00 0.427
38772000.00 0.433
38793600.00 0.439
38815200.00 0.445
38836800.00 0.452
38858400.00 0.458
38880000.00 0.465
38901600.00 0.473
38923200.00 0.48
38944800.00 0.488
38966400.00 0.496
38988000.00 0.505
39009600.00 0.514
39031200.00 0.523
39052800.00 0.533
39074400.00 0.542
39096000.00 0.553
39117600.00 0.563
39139200.00 0.574
39160800.00 0.585
39182400.00 0.597
39204000.00 0.609
39225600.00 0.622
39247200.00 0.635
39268800.00 0.648
39290400.00 0.662
39312000.00 0.676
39333600.00 0.691
39355200.00 0.706
39376800.00 0.722
39398400.00 0.738
39420000.00 0.755
39441600.00 0.772
39463200.00 0.79
39484800.00 0.808
39506400.00 0.827
39528000.00 0.847
39549600.00 0.867
39571200.00 0.887
39592800.00 0.908
39614400.00 0.93
39636000.00 0.952
39657600.00 0.975
39679200.00 0.999
39700800.00 1.023
39722400.00 1.048
39744000.00 1.074
39765600.00 1.1
39787200.00 1.127
39808800.00 1.154
39830400.00 1.182
39852000.00 1.211
39873600.00 1.241
39895200.00 1.271
39916800.00 1.302
39938400.00 1.334
39960000.00 1.366
39981600.00 1.4
40003200.00 1.434
40024800.00 1.469
40046400.00 1.504
40068000.00 1.54
40089600.00 1.578
40111200.00 1.615
40132800.00 1.654
40154400.00 1.694
40176000.00 1.734
40197600.00 1.775
40219200.00 1.817
40240800.00 1.86
40262400.00 1.903
40284000.00 1.947
40305600.00 1.993
40327200.00 2.039
40348800.00 2.085
40370400.00 2.133
40392000.00 2.182
40413600.00 2.231
40435200.00 2.281
40456800.00 2.332
40478400.00 2.384
40500000.00 2.437
40521600.00 2.49
40543200.00 2.544
40564800.00 2.6
40586400.00 2.655
40608000.00 2.712
40629600.00 2.77
40651200.00 2.828
40672800.00 2.888
40694400.00 2.948
40716000.00 3.008
40737600.00 3.07
40759200.00 3.132
40780800.00 3.196
40802400.00 3.26
40824000.00 3.324
40845600.00 3.39
40867200.00 3.456
40888800.00 3.523
40910400.00 3.591
40932000.00 3.659
40953600.00 3.728
40975200.00 3.798
40996800.00 3.868
41018400.00 3.939
41040000.00 4.011
41061600.00 4.084
41083200.00 4.157
41104800.00 4.23
41126400.00 4.305
41148000.00 4.379
41169600.00 4.455
41191200.00 4.531
41212800.00 4.607
41234400.00 4.684
41256000.00 4.762
41277600.00 4.84
41299200.00 4.918
41320800.00 4.997
41342400.00 5.076
41364000.00 5.156
41385600.00 5.236
41407200.00 5.316
41428800.00 5.397
41450400.00 5.478
41472000.00 5.56
41493600.00 5.641
41515200.00 5.723
41536800.00 5.805
41558400.00 5.888
41580000.00 5.97
41601600.00 6.053
41623200.00 6.136
41644800.00 6.219
41666400.00 6.302
41688000.00 6.385
41709600.00 6.468
41731200.00 6.551
41752800.00 6.634
41774400.00 6.717
41796000.00 6.8
41817600.00 6.883
41839200.00 6.966
41860800.00 7.048
41882400.00 7.131
41904000.00 7.213
41925600.00 7.295
41947200.00 7.377
41968800.00 7.459
41990400.00 7.54
42012000.00 7.621
42033600.00 7.701
42055200.00 7.781
42076800.00 7.861
42098400.00 7.941
42120000.00 8.02
42141600.00 8.098
42163200.00 8.176
42184800.00 8.253
42206400.00 8.33
42228000.00 8.406
42249600.00 8.482
42271200.00 8.557
42292800.00 8.631
42314400.00 8.705
42336000.00 8.778
42357600.00 8.85
42379200.00 8.922
42400800.00 8.992
42422400.00 9.062
42444000.00 9.131
42465600.00 9.2
42487200.00 9.267
42508800.00 9.333
42530400.00 9.399
42552000.00 9.464
42573600.00 9.527
42595200.00 9.59
42616800.00 9.652
42638400.00 9.712
42660000.00 9.772
42681600.00 9.83
42703200.00 9.888
42724800.00 9.944
42746400.00 10
42768000.00 10.054
42789600.00 10.107
42811200.00 10.159
42832800.00 10.209
42854400.00 10.259
42876000.00 10.307
42897600.00 10.354
42919200.00 10.4
42940800.00 10.445
42962400.00 10.488
42984000.00 10.53
43005600.00 10.571
43027200.00 10.611
43048800.00 10.649
43070400.00 10.686
43092000.00 10.722
43113600.00 10.756
43135200.00 10.789
43156800.00 10.821
43178400.00 10.851
43200000.00 10.88
43221600.00 10.908
43243200.00 10.934
43264800.00 10.959
43286400.00 10.983
43308000.00 11.005
43329600.00 11.026
43351200.00 11.045
43372800.00 11.063
43394400.00 11.08
43416000.00 11.095
43437600.00 11.109
43459200.00 11.122
43480800.00 11.133
43502400.00 11.143
43524000.00 11.152
43545600.00 11.159
43567200.00 11.165
43588800.00 11.17
43610400.00 11.173
43632000.00 11.175
43653600.00 11.175
43675200.00 11.175
43696800.00 11.173
43718400.00 11.17
43740000.00 11.165
43761600.00 11.159
43783200.00 11.152
43804800.00 11.144
43826400.00 11.135
43848000.00 11.124
43869600.00 11.112
43891200.00 11.099
43912800.00 11.085
43934400.00 11.07
43956000.00 11.054
43977600.00 11.036
43999200.00 11.018
44020800.00 10.998
44042400.00 10.978
44064000.00 10.956
44085600.00 10.934
44107200.00 10.91
44128800.00 10.886
44150400.00 10.86
44172000.00 10.834
44193600.00 10.807
44215200.00 10.779
44236800.00 10.75
44258400.00 10.721
44280000.00 10.69
44301600.00 10.659
44323200.00 10.627
44344800.00 10.595
44366400.00 10.562
44388000.00 10.528
44409600.00 10.494
44431200.00 10.459
44452800.00 10.424
44474400.00 10.389
44496000.00 10.352
44517600.00 10.316
44539200.00 10.279
44560800.00 10.242
44582400.00 10.204
44604000.00 10.166
44625600.00 10.128
44647200.00 10.09
44668800.00 10.052
44690400.00 10.014
44712000.00 9.975
44733600.00 9.937
44755200.00 9.898
44776800.00 9.86
44798400.00 9.822
44820000.00 9.784
44841600.00 9.746
44863200.00 9.708
44884800.00 9.671
44906400.00 9.634
44928000.00 9.597
44949600.00 9.561
44971200.00 9.525
44992800.00 9.49
45014400.00 9.456
45036000.00 9.422
45057600.00 9.388
45079200.00 9.356
45100800.00 9.324
45122400.00 9.293
45144000.00 9.262
45165600.00 9.233
45187200.00 9.204
45208800.00 9.177
45230400.00 9.151
45252000.00 9.125
45273600.00 9.101
45295200.00 9.078
45316800.00 9.056
45338400.00 9.036
45360000.00 9.017
45381600.00 8.999
45403200.00 8.983
45424800.00 8.968
45446400.00 8.955
45468000.00 8.943
45489600.00 8.933
45511200.00 8.925
45532800.00 8.918
45554400.00 8.913
45576000.00 8.91
45597600.00 8.908
45619200.00 8.909
45640800.00 8.912
45662400.00 8.916
45684000.00 8.923
45705600.00 8.931
45727200.00 8.942
45748800.00 8.955
45770400.00 8.97
45792000.00 8.988
45813600.00 9.007
45835200.00 9.029
45856800.00 9.054
45878400.00 9.08
45900000.00 9.109
45921600.00 9.141
45943200.00 9.175
45964800.00 9.212
45986400.00 9.251
46008000.00 9.293
46029600.00 9.337
46051200.00 9.384
46072800.00 9.433
46094400.00 9.486
46116000.00 9.541
46137600.00 9.598
46159200.00 9.659
46180800.00 9.722
46202400.00 9.788
46224000.00 9.857
46245600.00 9.928
46267200.00 10.003
46288800.00 10.08
46310400.00 10.16
46332000.00 10.243
46353600.00 10.328
46375200.00 10.417
46396800.00 10.508
46418400.00 10.603
46440000.00 10.7
46461600.00 10.799
46483200.00 10.902
46504800.00 11.007
46526400.00 11.116
46548000.00 11.227
46569600.00 11.34
46591200.00 11.457
46612800.00 11.576
46634400.00 11.698
46656000.00 11.823
46677600.00 11.95
46699200.00 12.08
46720800.00 12.212
46742400.00 12.347
46764000.00 12.484
46785600.00 12.624
46807200.00 12.766
46828800.00 12.911
46850400.00 13.058
46872000.00 13.207
46893600.00 13.359
46915200.00 13.513
46936800.00 13.669
46958400.00 13.826
46980000.00 13.986
47001600.00 14.148
47023200.00 14.312
47044800.00 14.478
47066400.00 14.645
47088000.00 14.814
47109600.00 14.985
47131200.00 15.157
47152800.00 15.331
47174400.00 15.506
47196000.00 15.683
47217600.00 15.86
47239200.00 16.039
47260800.00 16.219
47282400.00 16.4
47304000.00 16.582
47325600.00 16.765
47347200.00 16.949
47368800.00 17.133
47390400.00 17.318
47412000.00 17.503
47433600.00 17.689
47455200.00 17.875
47476800.00 18.061
47498400.00 18.247
47520000.00 18.433
47541600.00 18.619
47563200.00 18.805
47584800.00 18.991
47606400.00 19.177
47628000.00 19.361
47649600.00 19.546
47671200.00 19.729
47692800.00 19.912
47714400.00 20.094
47736000.00 20.275
47757600.00 20.455
47779200.00 20.634
47800800.00 20.811
47822400.00 20.988
47844000.00 21.162
47865600.00 21.335
47887200.00 21.507
47908800.00 21.677
47930400.00 21.844
47952000.00 22.01
47973600.00 22.174
47995200.00 22.336
48016800.00 22.495
48038400.00 22.652
48060000.00 22.807
48081600.00 22.959
48103200.00 23.109
48124800.00 23.256
48146400.00 23.4
48168000.00 23.541
48189600.00 23.68
48211200.00 23.815
48232800.00 23.947
48254400.00 24.077
48276000.00 24.202
48297600.00 24.325
48319200.00 24.444
48340800.00 24.56
48362400.00 24.672
48384000.00 24.781
48405600.00 24.885
48427200.00 24.987
48448800.00 25.084
48470400.00 25.178
48492000.00 25.267
48513600.00 25.353
48535200.00 25.435
48556800.00 25.513
48578400.00 25.586
48600000.00 25.656
48621600.00 25.721
48643200.00 25.782
48664800.00 25.839
48686400.00 25.892
48708000.00 25.94
48729600.00 25.984
48751200.00 26.024
48772800.00 26.059
48794400.00 26.09
48816000.00 26.117
48837600.00 26.139
48859200.00 26.157
48880800.00 26.17
48902400.00 26.178
48924000.00 26.183
48945600.00 26.183
48967200.00 26.178
48988800.00 26.169
49010400.00 26.155
49032000.00 26.138
49053600.00 26.115
49075200.00 26.089
49096800.00 26.057
49118400.00 26.022
49140000.00 25.982
49161600.00 25.938
49183200.00 25.889
49204800.00 25.837
49226400.00 25.78
49248000.00 25.719
49269600.00 25.653
49291200.00 25.584
49312800.00 25.51
49334400.00 25.433
49356000.00 25.351
49377600.00 25.266
49399200.00 25.176
49420800.00 25.083
49442400.00 24.986
49464000.00 24.885
49485600.00 24.78
49507200.00 24.672
49528800.00 24.56
49550400.00 24.445
49572000.00 24.326
49593600.00 24.204
49615200.00 24.079
49636800.00 23.95
49658400.00 23.818
49680000.00 23.683
49701600.00 23.545
49723200.00 23.404
49744800.00 23.26
49766400.00 23.113
49788000.00 22.963
49809600.00 22.811
49831200.00 22.656
49852800.00 22.498
49874400.00 22.338
49896000.00 22.175
49917600.00 22.011
49939200.00 21.844
49960800.00 21.674
49982400.00 21.503
50004000.00 21.33
50025600.00 21.154
50047200.00 20.977
50068800.00 20.798
50090400.00 20.618
50112000.00 20.436
50133600.00 20.252
50155200.00 20.066
50176800.00 19.88
50198400.00 19.692
50220000.00 19.503
50241600.00 19.312
50263200.00 19.121
50284800.00 18.929
50306400.00 18.735
50328000.00 18.541
50349600.00 18.346
50371200.00 18.151
50392800.00 17.954
50414400.00 17.757
50436000.00 17.56
50457600.00 17.362
50479200.00 17.164
50500800.00 16.966
50522400.00 16.768
50544000.00 16.569
50565600.00 16.37
50587200.00 16.171
50608800.00 15.973
50630400.00 15.774
50652000.00 15.576
50673600.00 15.378
50695200.00 15.18
50716800.00 14.983
50738400.00 14.786
50760000.00 14.59
50781600.00 14.394
50803200.00 14.198
50824800.00 14.004
50846400.00 13.81
50868000.00 13.617
50889600.00 13.424
50911200.00 13.233
50932800.00 13.042
50954400.00 12.853
50976000.00 12.664
50997600.00 12.477
51019200.00 12.29
51040800.00 12.105
51062400.00 11.921
51084000.00 11.738
51105600.00 11.556
51127200.00 11.376
51148800.00 11.197
51170400.00 11.019
51192000.00 10.843
51213600.00 10.668
51235200.00 10.494
51256800.00 10.322
51278400.00 10.152
51300000.00 9.983
51321600.00 9.815
51343200.00 9.649
51364800.00 9.485
51386400.00 9.322
51408000.00 9.161
51429600.00 9.002
51451200.00 8.844
51472800.00 8.688
51494400.00 8.534
51516000.00 8.381
51537600.00 8.23
51559200.00 8.081
51580800.00 7.934
51602400.00 7.788
51624000.00 7.644
51645600.00 7.502
51667200.00 7.362
51688800.00 7.223
51710400.00 7.086
51732000.00 6.951
51753600.00 6.818
51775200.00 6.687
51796800.00 6.557
51818400.00 6.43
51840000.00 6.304
51861600.00 6.18
51883200.00 6.057
51904800.00 5.937
51926400.00 5.818
51948000.00 5.701
51969600.00 5.586
51991200.00 5.472
52012800.00 5.361
52034400.00 5.251
52056000.00 5.142
52077600.00 5.036
52099200.00 4.931
52120800.00 4.828
52142400.00 4.727
52164000.00 4.628
52185600.00 4.53
52207200.00 4.433
52228800.00 4.339
52250400.00 4.246
52272000.00 4.155
52293600.00 4.065
52315200.00 3.977
52336800.00 3.891
52358400.00 3.806
52380000.00 3.723
52401600.00 3.641
52423200.00 3.561
52444800.00 3.482
52466400.00 3.405
52488000.00 3.33
52509600.00 3.256
52531200.00 3.183
52552800.00 3.112
52574400.00 3.042
52596000.00 2.973
52617600.00 2.906
52639200.00 2.841
52660800.00 2.776
52682400.00 2.713
52704000.00 2.652
52725600.00 2.591
52747200.00 2.532
52768800.00 2.474
52790400.00 2.418
52812000.00 2.362
52833600.00 2.308
52855200.00 2.255
52876800.00 2.203
52898400.00 2.153
52920000.00 2.103
52941600.00 2.055
52963200.00 2.008
52984800.00 1.961
53006400.00 1.916
53028000.00 1.872
53049600.00 1.829
53071200.00 1.787
53092800.00 1.746
53114400.00 1.706
53136000.00 1.667
53157600.00 1.629
53179200.00 1.591
53200800.00 1.555
53222400.00 1.519
53244000.00 1.485
53265600.00 1.451
53287200.00 1.418
53308800.00 1.386
53330400.00 1.355
53352000.00 1.324
53373600.00 1.295
53395200.00 1.266
53416800.00 1.237
53438400.00 1.21
53460000.00 1.183
53481600.00 1.157
53503200.00 1.132
53524800.00 1.107
53546400.00 1.083
53568000.00 1.059
53589600.00 1.037
53611200.00 1.014
53632800.00 0.993
53654400.00 0.972
53676000.00 0.951
53697600.00 0.931
53719200.00 0.912
53740800.00 0.893
53762400.00 0.875
53784000.00 0.857
53805600.00 0.84
53827200.00 0.823
53848800.00 0.807
53870400.00 0.791
53892000.00 0.776
53913600.00 0.761
53935200.00 0.746
53956800.00 0.732
53978400.00 0.719
54000000.00 0.705
54021600.00 0.692
54043200.00 0.68
54064800.00 0.668
54086400.00 0.656
54108000.00 0.644
54129600.00 0.633
54151200.00 0.623
54172800.00 0.612
54194400.00 0.602
54216000.00 0.592
54237600.00 0.583
54259200.00 0.574
54280800.00 0.565
54302400.00 0.556
54324000.00 0.548
54345600.00 0.539
54367200.00 0.532
54388800.00 0.524
54410400.00 0.517
54432000.00 0.509
54453600.00 0.503
54475200.00 0.496
54496800.00 0.489
54518400.00 0.483
54540000.00 0.477
54561600.00 0.471
54583200.00 0.465
54604800.00 0.46
54626400.00 0.455
54648000.00 0.449
54669600.00 0.444
54691200.00 0.44
54712800.00 0.435
54734400.00 0.43
54756000.00 0.426
54777600.00 0.422
54799200.00 0.418
54820800.00 0.414
54842400.00 0.41
54864000.00 0.406
54885600.00 0.403
54907200.00 0.399
54928800.00 0.396
54950400.00 0.393
54972000.00 0.39
54993600.00 0.387
55015200.00 0.384
55036800.00 0.381
55058400.00 0.379
55080000.00 0.376
55101600.00 0.374
55123200.00 0.371
55144800.00 0.369
55166400.00 0.367
55188000.00 0.364
55209600.00 0.362
55231200.00 0.36
55252800.00 0.358
55274400.00 0.357
55296000.00 0.355
55317600.00 0.353
55339200.00 0.351
55360800.00 0.35
55382400.00 0.348
55404000.00 0.347
55425600.00 0.345
55447200.00 0.344
55468800.00 0.343
55490400.00 0.341
55512000.00 0.34
55533600.00 0.339
55555200.00 0.338
55576800.00 0.337
55598400.00 0.336
55620000.00 0.335
55641600.00 0.334
55663200.00 0.333
55684800.00 0.332
55706400.00 0.331
55728000.00 0.33
55749600.00 0.329
55771200.00 0.328
55792800.00 0.328
55814400.00 0.327
55836000.00 0.326
55857600.00 0.326
55879200.00 0.325
55900800.00 0.324
55922400.00 0.324
55944000.00 0.323
55965600.00 0.323
55987200.00 0.322
56008800.00 0.322
56030400.00 0.321
56052000.00 0.321
56073600.00 0.32
56095200.00 0.32
56116800.00 0.319
56138400.00 0.319
56160000.00 0.319
56181600.00 0.318
56203200.00 0.318
56224800.00 0.318
56246400.00 0.317
56268000.00 0.317
56289600.00 0.317
56311200.00 0.316
56332800.00 0.316
56354400.00 0.316
56376000.00 0.316
56397600.00 0.315
56419200.00 0.315
56440800.00 0.315
56462400.00 0.315
56484000.00 0.314
56505600.00 0.314
56527200.00 0.314
56548800.00 0.314
56570400.00 0.314
56592000.00 0.314
56613600.00 0.313
56635200.00 0.313
56656800.00 0.313
56678400.00 0.313
56700000.00 0.313
56721600.00 0.313
56743200.00 0.313
56764800.00 0.312
56786400.00 0.312
56808000.00 0.312
56829600.00 0.312
56851200.00 0.312
56872800.00 0.312
56894400.00 0.312
56916000.00 0.312
56937600.00 0.312
56959200.00 0.312
56980800.00 0.312
57002400.00 0.311
57024000.00 0.311
57045600.00 0.311
57067200.00 0.311
57088800.00 0.311
57110400.00 0.311
57132000.00 0.311
57153600.00 0.311
57175200.00 0.311
57196800.00 0.311
57218400.00 0.311
57240000.00 0.311
57261600.00 0.311
57283200.00 0.311
57304800.00 0.311
57326400.00 0.311
57348000.00 0.311
57369600.00 0.311
57391200.00 0.311
57412800.00 0.311
57434400.00 0.311
57456000.00 0.311
57477600.00 0.311
57499200.00 0.31
57520800.00 0.31
57542400.00 0.31
57564000.00 0.31
57585600.00 0.31
57607200.00 0.31
57628800.00 0.31
57650400.00 0.31
57672000.00 0.31
57693600.00 0.31
57715200.00 0.31
57736800.00 0.31
57758400.00 0.31
57780000.00 0.31
57801600.00 0.31
57823200.00 0.31
57844800.00 0.31
57866400.00 0.31
57888000.00 0.31
57909600.00 0.31
57931200.00 0.31
57952800.00 0.31
57974400.00 0.31
57996000.00 0.31
58017600.00 0.31
58039200.00 0.31
58060800.00 0.31
58082400.00 0.31
58104000.00 0.31
58125600.00 0.31
58147200.00 0.31
58168800.00 0.31
58190400.00 0.31
58212000.00 0.31
58233600.00 0.31
58255200.00 0.31
58276800.00 0.31
58298400.00 0.31
58320000.00 0.31
58341600.00 0.31
58363200.00 0.31
58384800.00 0.31
58406400.00 0.31
58428000.00 0.31
58449600.00 0.31
58471200.00 0.31
58492800.00 0.31
58514400.00 0.31
58536000.00 0.31
58557600.00 0.31
58579200.00 0.31
58600800.00 0.31
58622400.00 0.31
58644000.00 0.31
58665600.00 0.31
58687200.00 0.31
58708800.00 0.31
58730400.00 0.31
58752000.00 0.31
58773600.00 0.31
58795200.00 0.31
58816800.00 0.31
58838400.00 0.31
58860000.00 0.31
58881600.00 0.31
58903200.00 0.31
58924800.00 0.31
58946400.00 0.31
58968000.00 0.31
58989600.00 0.31
59011200.00 0.31
59032800.00 0.31
59054400.00 0.31
59076000.00 0.31
59097600.00 0.31
59119200.00 0.31
59140800.00 0.31
59162400.00 0.31
59184000.00 0.31
59205600.00 0.31
59227200.00 0.31
59248800.00 0.31
59270400.00 0.31
59292000.00 0.31
59313600.00 0.31
59335200.00 0.31
59356800.00 0.31
59378400.00 0.31
59400000.00 0.31
59421600.00 0.31
59443200.00 0.31
59464800.00 0.31
59486400.00 0.31
59508000.00 0.31
59529600.00 0.31
59551200.00 0.31
59572800.00 0.31
59594400.00 0.31
59616000.00 0.31
59637600.00 0.31
59659200.00 0.31
59680800.00 0.31
59702400.00 0.31
59724000.00 0.31
59745600.00 0.31
59767200.00 0.31
59788800.00 0.31
59810400.00 0.31
59832000.00 0.31
59853600.00 0.31
59875200.00 0.31
59896800.00 0.31
59918400.00 0.31
59940000.00 0.31
59961600.00 0.31
59983200.00 0.31
60004800.00 0.31
60026400.00 0.31
60048000.00 0.31
60069600.00 0.31
60091200.00 0.31
60112800.00 0.31
60134400.00 0.31
60156000.00 0.31
60177600.00 0.31
60199200.00 0.31
60220800.00 0.31
60242400.00 0.31
60264000.00 0.31
60285600.00 0.31
60307200.00 0.31
60328800.00 0.31
60350400.00 0.31
60372000.00 0.31
60393600.00 0.31
60415200.00 0.31
60436800.00 0.31
60458400.00 0.31
60480000.00 0.31
60501600.00 0.31
60523200.00 0.31
60544800.00 0.31
60566400.00 0.31
60588000.00 0.31
60609600.00 0.31
60631200.00 0.31
60652800.00 0.31
60674400.00 0.31
60696000.00 0.31
60717600.00 0.31
60739200.00 0.31
60760800.00 0.31
60782400.00 0.31
60804000.00 0.31
60825600.00 0.31
60847200.00 0.31
60868800.00 0.31
60890400.00 0.31
60912000.00 0.31
60933600.00 0.31
60955200.00 0.31
60976800.00 0.31
60998400.00 0.31
61020000.00 0.31
61041600.00 0.31
61063200.00 0.31
61084800.00 0.31
61106400.00 0.31
61128000.00 0.31
61149600.00 0.31
61171200.00 0.31
61192800.00 0.31
61214400.00 0.31
61236000.00 0.31
61257600.00 0.31
61279200.00 0.31
61300800.00 0.31
61322400.00 0.31
61344000.00 0.31
61365600.00 0.31
61387200.00 0.31
61408800.00 0.31
61430400.00 0.31
61452000.00 0.31
61473600.00 0.31
61495200.00 0.31
61516800.00 0.31
61538400.00 0.31
61560000.00 0.31
61581600.00 0.31
61603200.00 0.31
61624800.00 0.31
61646400.00 0.31
61668000.00 0.31
61689600.00 0.31
61711200.00 0.31
61732800.00 0.31
61754400.00 0.31
61776000.00 0.31
61797600.00 0.31
61819200.00 0.31
61840800.00 0.31
61862400.00 0.31
61884000.00 0.31
61905600.00 0.31
61927200.00 0.31
61948800.00 0.31
61970400.00 0.31
61992000.00 0.31
62013600.00 0.31
62035200.00 0.31
62056800.00 0.31
62078400.00 0.31
62100000.00 0.31
62121600.00 0.31
62143200.00 0.31
62164800.00 0.31
62186400.00 0.31
62208000.00 0.31
62229600.00 0.31
62251200.00 0.31
62272800.00 0.31
62294400.00 0.31
62316000.00 0.31
62337600.00 0.31
62359200.00 0.31
62380800.00 0.31
62402400.00 0.31
62424000.00 0.31
62445600.00 0.31
62467200.00 0.31
62488800.00 0.31
62510400.00 0.31
62532000.00 0.31
62553600.00 0.31
62575200.00 0.31
62596800.00 0.31
62618400.00 0.31
62640000.00 0.31
62661600.00 0.31
62683200.00 0.31
62704800.00 0.31
62726400.00 0.31
62748000.00 0.31
62769600.00 0.31
62791200.00 0.31
62812800.00 0.31
62834400.00 0.31
62856000.00 0.31
62877600.00 0.31
62899200.00 0.31
62920800.00 0.31
62942400.00 0.31
62964000.00 0.31
62985600.00 0.31
63007200.00 0.31
63028800.00 0.31
63050400.00 0.31
63072000.00 0.31
63093600.00 0.31
63115200.00 0.31
63136800.00 0.31
63158400.00 0.31
63180000.00 0.31
63201600.00 0.31
63223200.00 0.31
63244800.00 0.31
63266400.00 0.31
63288000.00 0.31
63309600.00 0.31
63331200.00 0.31
63352800.00 0.31
63374400.00 0.31
63396000.00 0.31
63417600.00 0.31
63439200.00 0.31
63460800.00 0.31
63482400.00 0.31
63504000.00 0.31
63525600.00 0.31
63547200.00 0.31
63568800.00 0.31
63590400.00 0.31
63612000.00 0.31
63633600.00 0.31
63655200.00 0.31
63676800.00 0.31
63698400.00 0.31
63720000.00 0.31
63741600.00 0.31
63763200.00 0.31
63784800.00 0.31
63806400.00 0.31
63828000.00 0.31
63849600.00 0.31
63871200.00 0.31
63892800.00 0.31
63914400.00 0.31
63936000.00 0.31
63957600.00 0.31
63979200.00 0.31
64000800.00 0.31
64022400.00 0.31
64044000.00 0.31
64065600.00 0.31
64087200.00 0.31
64108800.00 0.31
64130400.00 0.31
64152000.00 0.31
64173600.00 0.31
64195200.00 0.31
64216800.00 0.31
64238400.00 0.31
64260000.00 0.31
64281600.00 0.31
64303200.00 0.31
64324800.00 0.31
64346400.00 0.31
64368000.00 0.31
64389600.00 0.31
64411200.00 0.31
64432800.00 0.31
64454400.00 0.31
64476000.00 0.31
64497600.00 0.31
64519200.00 0.31
64540800.00 0.31
64562400.00 0.31
64584000.00 0.31
64605600.00 0.31
64627200.00 0.31
64648800.00 0.31
64670400.00 0.31
64692000.00 0.31
64713600.00 0.31
64735200.00 0.31
64756800.00 0.31
64778400.00 0.31
64800000.00 0.31
64821600.00 0.31
64843200.00 0.31
64864800.00 0.31
64886400.00 0.31
64908000.00 0.31
64929600.00 0.31
64951200.00 0.31
64972800.00 0.31
64994400.00 0.31
65016000.00 0.31
65037600.00 0.31
65059200.00 0.31
65080800.00 0.31
65102400.00 0.31
65124000.00 0.31
65145600.00 0.31
65167200.00 0.31
65188800.00 0.31
65210400.00 0.31
65232000.00 0.31
65253600.00 0.31
65275200.00 0.31
65296800.00 0.31
65318400.00 0.31
65340000.00 0.31
65361600.00 0.31
65383200.00 0.31
65404800.00 0.31
65426400.00 0.31
65448000.00 0.31
65469600.00 0.31
65491200.00 0.31
65512800.00 0.31
65534400.00 0.31
65556000.00 0.31
65577600.00 0.31
65599200.00 0.31
65620800.00 0.31
65642400.00 0.31
65664000.00 0.31
65685600.00 0.31
65707200.00 0.31
65728800.00 0.31
65750400.00 0.31
65772000.00 0.31
65793600.00 0.31
65815200.00 0.31
65836800.00 0.31
65858400.00 0.31
65880000.00 0.31
65901600.00 0.31
65923200.00 0.31
65944800.00 0.31
65966400.00 0.31
65988000.00 0.31
66009600.00 0.31
66031200.00 0.31
66052800.00 0.31
66074400.00 0.31
66096000.00 0.31
66117600.00 0.31
66139200.00 0.31
66160800.00 0.31
66182400.00 0.31
66204000.00 0.31
66225600.00 0.31
66247200.00 0.31
66268800.00 0.31
66290400.00 0.31
66312000.00 0.31
66333600.00 0.31
66355200.00 0.31
66376800.00 0.31
66398400.00 0.31
66420000.00 0.31
66441600.00 0.31
66463200.00 0.31
66484800.00 0.31
66506400.00 0.31
66528000.00 0.31
66549600.00 0.31
66571200.00 0.31
66592800.00 0.31
66614400.00 0.31
66636000.00 0.31
66657600.00 0.31
66679200.00 0.31
66700800.00 0.31
66722400.00 0.31
66744000.00 0.31
66765600.00 0.31
66787200.00 0.31
66808800.00 0.31
66830400.00 0.31
66852000.00 0.31
66873600.00 0.31
66895200.00 0.31
66916800.00 0.31
66938400.00 0.31
66960000.00 0.31
66981600.00 0.31
67003200.00 0.31
67024800.00 0.31
67046400.00 0.31
67068000.00 0.31
67089600.00 0.31
67111200.00 0.31
67132800.00 0.31
67154400.00 0.31
67176000.00 0.31
67197600.00 0.31
67219200.00 0.31
67240800.00 0.31
67262400.00 0.31
67284000.00 0.31
67305600.00 0.31
67327200.00 0.31
67348800.00 0.31
67370400.00 0.31
67392000.00 0.31
67413600.00 0.31
67435200.00 0.31
67456800.00 0.31
67478400.00 0.31
67500000.00 0.31
67521600.00 0.31
67543200.00 0.31
67564800.00 0.31
67586400.00 0.31
67608000.00 0.31
67629600.00 0.31
67651200.00 0.31
67672800.00 0.31
67694400.00 0.31
67716000.00 0.31
67737600.00 0.31
67759200.00 0.31
67780800.00 0.31
67802400.00 0.31
67824000.00 0.31
67845600.00 0.31
67867200.00 0.31
67888800.00 0.31
67910400.00 0.31
67932000.00 0.31
67953600.00 0.31
67975200.00 0.31
67996800.00 0.31
68018400.00 0.31
68040000.00 0.31
68061600.00 0.31
68083200.00 0.31
68104800.00 0.31
68126400.00 0.31
68148000.00 0.31
68169600.00 0.31
68191200.00 0.31
68212800.00 0.31
68234400.00 0.31
68256000.00 0.31
68277600.00 0.31
68299200.00 0.31
68320800.00 0.31
68342400.00 0.31
68364000.00 0.31
68385600.00 0.31
68407200.00 0.31
68428800.00 0.31
68450400.00 0.31
68472000.00 0.31
68493600.00 0.31
68515200.00 0.311
68536800.00 0.311
68558400.00 0.311
68580000.00 0.311
68601600.00 0.311
68623200.00 0.311
68644800.00 0.311
68666400.00 0.311
68688000.00 0.311
68709600.00 0.311
68731200.00 0.311
68752800.00 0.311
68774400.00 0.311
68796000.00 0.312
68817600.00 0.312
68839200.00 0.312
68860800.00 0.312
68882400.00 0.312
68904000.00 0.312
68925600.00 0.312
68947200.00 0.313
68968800.00 0.313
68990400.00 0.313
69012000.00 0.313
69033600.00 0.314
69055200.00 0.314
69076800.00 0.314
69098400.00 0.314
69120000.00 0.315
69141600.00 0.315
69163200.00 0.316
69184800.00 0.316
69206400.00 0.316
69228000.00 0.317
69249600.00 0.317
69271200.00 0.318
69292800.00 0.318
69314400.00 0.319
69336000.00 0.32
69357600.00 0.32
69379200.00 0.321
69400800.00 0.322
69422400.00 0.322
69444000.00 0.323
69465600.00 0.324
69487200.00 0.325
69508800.00 0.326
69530400.00 0.327
69552000.00 0.328
69573600.00 0.329
69595200.00 0.33
69616800.00 0.332
69638400.00 0.333
69660000.00 0.335
69681600.00 0.336
69703200.00 0.338
69724800.00 0.339
69746400.00 0.341
69768000.00 0.343
69789600.00 0.345
69811200.00 0.347
69832800.00 0.349
69854400.00 0.351
69876000.00 0.354
69897600.00 0.356
69919200.00 0.359
69940800.00 0.362
69962400.00 0.364
69984000.00 0.367
70005600.00 0.371
70027200.00 0.374
70048800.00 0.377
70070400.00 0.381
70092000.00 0.385
70113600.00 0.389
70135200.00 0.393
70156800.00 0.397
70178400.00 0.401
70200000.00 0.406
70221600.00 0.411
70243200.00 0.416
70264800.00 0.421
70286400.00 0.427
70308000.00 0.433
70329600.00 0.439
70351200.00 0.445
70372800.00 0.452
70394400.00 0.458
70416000.00 0.465
70437600.00 0.473
70459200.00 0.48
70480800.00 0.488
70502400.00 0.496
70524000.00 0.505
70545600.00 0.514
70567200.00 0.523
70588800.00 0.533
70610400.00 0.542
70632000.00 0.553
70653600.00 0.563
70675200.00 0.574
70696800.00 0.585
70718400.00 0.597
70740000.00 0.609
70761600.00 0.622
70783200.00 0.635
70804800.00 0.648
70826400.00 0.662
70848000.00 0.676
70869600.00 0.691
70891200.00 0.706
70912800.00 0.722
70934400.00 0.738
70956000.00 0.755
70977600.00 0.772
70999200.00 0.79
71020800.00 0.808
71042400.00 0.827
71064000.00 0.847
71085600.00 0.867
71107200.00 0.887
71128800.00 0.908
71150400.00 0.93
71172000.00 0.952
71193600.00 0.975
71215200.00 0.999
71236800.00 1.023
71258400.00 1.048
71280000.00 1.074
71301600.00 1.1
71323200.00 1.127
71344800.00 1.154
71366400.00 1.182
71388000.00 1.211
71409600.00 1.241
71431200.00 1.271
71452800.00 1.302
71474400.00 1.334
71496000.00 1.366
71517600.00 1.4
71539200.00 1.434
71560800.00 1.469
71582400.00 1.504
71604000.00 1.54
71625600.00 1.578
71647200.00 1.615
71668800.00 1.654
71690400.00 1.694
71712000.00 1.734
71733600.00 1.775
71755200.00 1.817
71776800.00 1.86
71798400.00 1.903
71820000.00 1.947
71841600.00 1.993
71863200.00 2.039
71884800.00 2.085
71906400.00 2.133
71928000.00 2.182
71949600.00 2.231
71971200.00 2.281
71992800.00 2.332
72014400.00 2.384
72036000.00 2.437
72057600.00 2.49
72079200.00 2.544
72100800.00 2.6
72122400.00 2.655
72144000.00 2.712
72165600.00 2.77
72187200.00 2.828
72208800.00 2.888
72230400.00 2.948
72252000.00 3.008
72273600.00 3.07
72295200.00 3.132
72316800.00 3.196
72338400.00 3.26
72360000.00 3.324
72381600.00 3.39
72403200.00 3.456
72424800.00 3.523
72446400.00 3.591
72468000.00 3.659
72489600.00 3.728
72511200.00 3.798
72532800.00 3.868
72554400.00 3.939
72576000.00 4.011
72597600.00 4.084
72619200.00 4.157
72640800.00 4.23
72662400.00 4.305
72684000.00 4.379
72705600.00 4.455
72727200.00 4.531
72748800.00 4.607
72770400.00 4.684
72792000.00 4.762
72813600.00 4.84
72835200.00 4.918
72856800.00 4.997
72878400.00 5.076
72900000.00 5.156
72921600.00 5.236
72943200.00 5.316
72964800.00 5.397
72986400.00 5.478
73008000.00 5.56
73029600.00 5.641
73051200.00 5.723
73072800.00 5.805
73094400.00 5.888
73116000.00 5.97
73137600.00 6.053
73159200.00 6.136
73180800.00 6.219
73202400.00 6.302
73224000.00 6.385
73245600.00 6.468
73267200.00 6.551
73288800.00 6.634
73310400.00 6.717
73332000.00 6.8
73353600.00 6.883
73375200.00 6.966
73396800.00 7.048
73418400.00 7.131
73440000.00 7.213
73461600.00 7.295
73483200.00 7.377
73504800.00 7.459
73526400.00 7.54
73548000.00 7.621
73569600.00 7.701
73591200.00 7.781
73612800.00 7.861
73634400.00 7.941
73656000.00 8.02
73677600.00 8.098
73699200.00 8.176
73720800.00 8.253
73742400.00 8.33
73764000.00 8.406
73785600.00 8.482
73807200.00 8.557
73828800.00 8.631
73850400.00 8.705
73872000.00 8.778
73893600.00 8.85
73915200.00 8.922
73936800.00 8.992
73958400.00 9.062
73980000.00 9.131
74001600.00 9.2
74023200.00 9.267
74044800.00 9.333
74066400.00 9.399
74088000.00 9.464
74109600.00 9.527
74131200.00 9.59
74152800.00 9.652
74174400.00 9.712
74196000.00 9.772
74217600.00 9.83
74239200.00 9.888
74260800.00 9.944
74282400.00 10
74304000.00 10.054
74325600.00 10.107
74347200.00 10.159
74368800.00 10.209
74390400.00 10.259
74412000.00 10.307
74433600.00 10.354
74455200.00 10.4
74476800.00 10.445
74498400.00 10.488
74520000.00 10.53
74541600.00 10.571
74563200.00 10.611
74584800.00 10.649
74606400.00 10.686
74628000.00 10.722
74649600.00 10.756
74671200.00 10.789
74692800.00 10.821
74714400.00 10.851
74736000.00 10.88
74757600.00 10.908
74779200.00 10.934
74800800.00 10.959
74822400.00 10.983
74844000.00 11.005
74865600.00 11.026
74887200.00 11.045
74908800.00 11.063
74930400.00 11.08
74952000.00 11.095
74973600.00 11.109
74995200.00 11.122
75016800.00 11.133
75038400.00 11.143
75060000.00 11.152
75081600.00 11.159
75103200.00 11.165
75124800.00 11.17
75146400.00 11.173
75168000.00 11.175
75189600.00 11.175
75211200.00 11.175
75232800.00 11.173
75254400.00 11.17
75276000.00 11.165
75297600.00 11.159
75319200.00 11.152
75340800.00 11.144
75362400.00 11.135
75384000.00 11.124
75405600.00 11.112
75427200.00 11.099
75448800.00 11.085
75470400.00 11.07
75492000.00 11.054
75513600.00 11.036
75535200.00 11.018
75556800.00 10.998
75578400.00 10.978
75600000.00 10.956
75621600.00 10.934
75643200.00 10.91
75664800.00 10.886
75686400.00 10.86
75708000.00 10.834
75729600.00 10.807
75751200.00 10.779
75772800.00 10.75
75794400.00 10.721
75816000.00 10.69
75837600.00 10.659
75859200.00 10.627
75880800.00 10.595
75902400.00 10.562
75924000.00 10.528
75945600.00 10.494
75967200.00 10.459
75988800.00 10.424
76010400.00 10.389
76032000.00 10.352
76053600.00 10.316
76075200.00 10.279
76096800.00 10.242
76118400.00 10.204
76140000.00 10.166
76161600.00 10.128
76183200.00 10.09
76204800.00 10.052
76226400.00 10.014
76248000.00 9.975
76269600.00 9.937
76291200.00 9.898
76312800.00 9.86
76334400.00 9.822
76356000.00 9.784
76377600.00 9.746
76399200.00 9.708
76420800.00 9.671
76442400.00 9.634
76464000.00 9.597
76485600.00 9.561
76507200.00 9.525
76528800.00 9.49
76550400.00 9.456
76572000.00 9.422
76593600.00 9.388
76615200.00 9.356
76636800.00 9.324
76658400.00 9.293
76680000.00 9.262
76701600.00 9.233
76723200.00 9.204
76744800.00 9.177
76766400.00 9.151
76788000.00 9.125
76809600.00 9.101
76831200.00 9.078
76852800.00 9.056
76874400.00 9.036
76896000.00 9.017
76917600.00 8.999
76939200.00 8.983
76960800.00 8.968
76982400.00 8.955
77004000.00 8.943
77025600.00 8.933
77047200.00 8.925
77068800.00 8.918
77090400.00 8.913
77112000.00 8.91
77133600.00 8.908
77155200.00 8.909
77176800.00 8.912
77198400.00 8.916
77220000.00 8.923
77241600.00 8.931
77263200.00 8.942
77284800.00 8.955
77306400.00 8.97
77328000.00 8.988
77349600.00 9.007
77371200.00 9.029
77392800.00 9.054
77414400.00 9.08
77436000.00 9.109
77457600.00 9.141
77479200.00 9.175
77500800.00 9.212
77522400.00 9.251
77544000.00 9.293
77565600.00 9.337
77587200.00 9.384
77608800.00 9.433
77630400.00 9.486
77652000.00 9.541
77673600.00 9.598
77695200.00 9.659
77716800.00 9.722
77738400.00 9.788
77760000.00 9.857
77781600.00 9.928
77803200.00 10.003
77824800.00 10.08
77846400.00 10.16
77868000.00 10.243
77889600.00 10.328
77911200.00 10.417
77932800.00 10.508
77954400.00 10.603
77976000.00 10.7
77997600.00 10.799
78019200.00 10.902
78040800.00 11.007
78062400.00 11.116
78084000.00 11.227
78105600.00 11.34
78127200.00 11.457
78148800.00 11.576
78170400.00 11.698
78192000.00 11.823
78213600.00 11.95
78235200.00 12.08
78256800.00 12.212
78278400.00 12.347
78300000.00 12.484
78321600.00 12.624
78343200.00 12.766
78364800.00 12.911
78386400.00 13.058
78408000.00 13.207
78429600.00 13.359
78451200.00 13.513
78472800.00 13.669
78494400.00 13.826
78516000.00 13.986
78537600.00 14.148
78559200.00 14.312
78580800.00 14.478
78602400.00 14.645
78624000.00 14.814
78645600.00 14.985
78667200.00 15.157
78688800.00 15.331
78710400.00 15.506
78732000.00 15.683
78753600.00 15.86
78775200.00 16.039
78796800.00 16.219
78818400.00 16.4
78840000.00 16.582
78861600.00 16.765
78883200.00 16.949
78904800.00 17.133
78926400.00 17.318
78948000.00 17.503
78969600.00 17.689
78991200.00 17.875
79012800.00 18.061
79034400.00 18.247
79056000.00 18.433
79077600.00 18.619
79099200.00 18.805
79120800.00 18.991
79142400.00 19.177
79164000.00 19.361
79185600.00 19.546
79207200.00 19.729
79228800.00 19.912
79250400.00 20.094
79272000.00 20.275
79293600.00 20.455
79315200.00 20.634
79336800.00 20.811
79358400.00 20.988
79380000.00 21.162
79401600.00 21.335
79423200.00 21.507
79444800.00 21.677
79466400.00 21.844
79488000.00 22.01
79509600.00 22.174
79531200.00 22.336
79552800.00 22.495
79574400.00 22.652
79596000.00 22.807
79617600.00 22.959
79639200.00 23.109
79660800.00 23.256
79682400.00 23.4
79704000.00 23.541
79725600.00 23.68
79747200.00 23.815
79768800.00 23.947
79790400.00 24.077
79812000.00 24.202
79833600.00 24.325
79855200.00 24.444
79876800.00 24.56
79898400.00 24.672
79920000.00 24.781
79941600.00 24.885
79963200.00 24.987
79984800.00 25.084
80006400.00 25.178
80028000.00 25.267
80049600.00 25.353
80071200.00 25.435
80092800.00 25.513
80114400.00 25.586
80136000.00 25.656
80157600.00 25.721
80179200.00 25.782
80200800.00 25.839
80222400.00 25.892
80244000.00 25.94
80265600.00 25.984
80287200.00 26.024
80308800.00 26.059
80330400.00 26.09
80352000.00 26.117
80373600.00 26.139
80395200.00 26.157
80416800.00 26.17
80438400.00 26.178
80460000.00 26.183
80481600.00 26.183
80503200.00 26.178
80524800.00 26.169
80546400.00 26.155
80568000.00 26.138
80589600.00 26.115
80611200.00 26.089
80632800.00 26.057
80654400.00 26.022
80676000.00 25.982
80697600.00 25.938
80719200.00 25.889
80740800.00 25.837
80762400.00 25.78
80784000.00 25.719
80805600.00 25.653
80827200.00 25.584
80848800.00 25.51
80870400.00 25.433
80892000.00 25.351
80913600.00 25.266
80935200.00 25.176
80956800.00 25.083
80978400.00 24.986
81000000.00 24.885
81021600.00 24.78
81043200.00 24.672
81064800.00 24.56
81086400.00 24.445
81108000.00 24.326
81129600.00 24.204
81151200.00 24.079
81172800.00 23.95
81194400.00 23.818
81216000.00 23.683
81237600.00 23.545
81259200.00 23.404
81280800.00 23.26
81302400.00 23.113
81324000.00 22.963
81345600.00 22.811
81367200.00 22.656
81388800.00 22.498
81410400.00 22.338
81432000.00 22.175
81453600.00 22.011
81475200.00 21.844
81496800.00 21.674
81518400.00 21.503
81540000.00 21.33
81561600.00 21.154
81583200.00 20.977
81604800.00 20.798
81626400.00 20.618
81648000.00 20.436
81669600.00 20.252
81691200.00 20.066
81712800.00 19.88
81734400.00 19.692
81756000.00 19.503
81777600.00 19.312
81799200.00 19.121
81820800.00 18.929
81842400.00 18.735
81864000.00 18.541
81885600.00 18.346
81907200.00 18.151
81928800.00 17.954
81950400.00 17.757
81972000.00 17.56
81993600.00 17.362
82015200.00 17.164
82036800.00 16.966
82058400.00 16.768
82080000.00 16.569
82101600.00 16.37
82123200.00 16.171
82144800.00 15.973
82166400.00 15.774
82188000.00 15.576
82209600.00 15.378
82231200.00 15.18
82252800.00 14.983
82274400.00 14.786
82296000.00 14.59
82317600.00 14.394
82339200.00 14.198
82360800.00 14.004
82382400.00 13.81
82404000.00 13.617
82425600.00 13.424
82447200.00 13.233
82468800.00 13.042
82490400.00 12.853
82512000.00 12.664
82533600.00 12.477
82555200.00 12.29
82576800.00 12.105
82598400.00 11.921
82620000.00 11.738
82641600.00 11.556
82663200.00 11.376
82684800.00 11.197
82706400.00 11.019
82728000.00 10.843
82749600.00 10.668
82771200.00 10.494
82792800.00 10.322
82814400.00 10.152
82836000.00 9.983
82857600.00 9.815
82879200.00 9.649
82900800.00 9.485
82922400.00 9.322
82944000.00 9.161
82965600.00 9.002
82987200.00 8.844
83008800.00 8.688
83030400.00 8.534
83052000.00 8.381
83073600.00 8.23
83095200.00 8.081
83116800.00 7.934
83138400.00 7.788
83160000.00 7.644
83181600.00 7.502
83203200.00 7.362
83224800.00 7.223
83246400.00 7.086
83268000.00 6.951
83289600.00 6.818
83311200.00 6.687
83332800.00 6.557
83354400.00 6.43
83376000.00 6.304
83397600.00 6.18
83419200.00 6.057
83440800.00 5.937
83462400.00 5.818
83484000.00 5.701
83505600.00 5.586
83527200.00 5.472
83548800.00 5.361
83570400.00 5.251
83592000.00 5.142
83613600.00 5.036
83635200.00 4.931
83656800.00 4.828
83678400.00 4.727
83700000.00 4.628
83721600.00 4.53
83743200.00 4.433
83764800.00 4.339
83786400.00 4.246
83808000.00 4.155
83829600.00 4.065
83851200.00 3.977
83872800.00 3.891
83894400.00 3.806
83916000.00 3.723
83937600.00 3.641
83959200.00 3.561
83980800.00 3.482
84002400.00 3.405
84024000.00 3.33
84045600.00 3.256
84067200.00 3.183
84088800.00 3.112
84110400.00 3.042
84132000.00 2.973
84153600.00 2.906
84175200.00 2.841
84196800.00 2.776
84218400.00 2.713
84240000.00 2.652
84261600.00 2.591
84283200.00 2.532
84304800.00 2.474
84326400.00 2.418
84348000.00 2.362
84369600.00 2.308
84391200.00 2.255
84412800.00 2.203
84434400.00 2.153
84456000.00 2.103
84477600.00 2.055
84499200.00 2.008
84520800.00 1.961
84542400.00 1.916
84564000.00 1.872
84585600.00 1.829
84607200.00 1.787
84628800.00 1.746
84650400.00 1.706
84672000.00 1.667
84693600.00 1.629
84715200.00 1.591
84736800.00 1.555
84758400.00 1.519
84780000.00 1.485
84801600.00 1.451
84823200.00 1.418
84844800.00 1.386
84866400.00 1.355
84888000.00 1.324
84909600.00 1.295
84931200.00 1.266
84952800.00 1.237
84974400.00 1.21
84996000.00 1.183
85017600.00 1.157
85039200.00 1.132
85060800.00 1.107
85082400.00 1.083
85104000.00 1.059
85125600.00 1.037
85147200.00 1.014
85168800.00 0.993
85190400.00 0.972
85212000.00 0.951
85233600.00 0.931
85255200.00 0.912
85276800.00 0.893
85298400.00 0.875
85320000.00 0.857
85341600.00 0.84
85363200.00 0.823
85384800.00 0.807
85406400.00 0.791
85428000.00 0.776
85449600.00 0.761
85471200.00 0.746
85492800.00 0.732
85514400.00 0.719
85536000.00 0.705
85557600.00 0.692
85579200.00 0.68
85600800.00 0.668
85622400.00 0.656
85644000.00 0.644
85665600.00 0.633
85687200.00 0.623
85708800.00 0.612
85730400.00 0.602
85752000.00 0.592
85773600.00 0.583
85795200.00 0.574
85816800.00 0.565
85838400.00 0.556
85860000.00 0.548
85881600.00 0.539
85903200.00 0.532
85924800.00 0.524
85946400.00 0.517
85968000.00 0.509
85989600.00 0.503
86011200.00 0.496
86032800.00 0.489
86054400.00 0.483
86076000.00 0.477
86097600.00 0.471
86119200.00 0.465
86140800.00 0.46
86162400.00 0.455
86184000.00 0.449
86205600.00 0.444
86227200.00 0.44
86248800.00 0.435
86270400.00 0.43
86292000.00 0.426
86313600.00 0.422
86335200.00 0.418
86356800.00 0.414
86378400.00 0.41
86400000.00 0.406
86421600.00 0.403
86443200.00 0.399
86464800.00 0.396
86486400.00 0.393
86508000.00 0.39
86529600.00 0.387
86551200.00 0.384
86572800.00 0.381
86594400.00 0.379
86616000.00 0.376
86637600.00 0.374
86659200.00 0.371
86680800.00 0.369
86702400.00 0.367
86724000.00 0.364
86745600.00 0.362
86767200.00 0.36
86788800.00 0.358
86810400.00 0.357
86832000.00 0.355
86853600.00 0.353
86875200.00 0.351
86896800.00 0.35
86918400.00 0.348
86940000.00 0.347
86961600.00 0.345
86983200.00 0.344
87004800.00 0.343
87026400.00 0.341
87048000.00 0.34
87069600.00 0.339
87091200.00 0.338
87112800.00 0.337
87134400.00 0.336
87156000.00 0.335
87177600.00 0.334
87199200.00 0.333
87220800.00 0.332
87242400.00 0.331
87264000.00 0.33
87285600.00 0.329
87307200.00 0.328
87328800.00 0.328
87350400.00 0.327
87372000.00 0.326
87393600.00 0.326
87415200.00 0.325
87436800.00 0.324
87458400.00 0.324
87480000.00 0.323
87501600.00 0.323
87523200.00 0.322
87544800.00 0.322
87566400.00 0.321
87588000.00 0.321
87609600.00 0.32
87631200.00 0.32
87652800.00 0.319
87674400.00 0.319
87696000.00 0.319
87717600.00 0.318
87739200.00 0.318
87760800.00 0.318
87782400.00 0.317
87804000.00 0.317
87825600.00 0.317
87847200.00 0.316
87868800.00 0.316
87890400.00 0.316
87912000.00 0.316
87933600.00 0.315
87955200.00 0.315
87976800.00 0.315
87998400.00 0.315
88020000.00 0.314
88041600.00 0.314
88063200.00 0.314
88084800.00 0.314
88106400.00 0.314
88128000.00 0.314
88149600.00 0.313
88171200.00 0.313
88192800.00 0.313
88214400.00 0.313
88236000.00 0.313
88257600.00 0.313
88279200.00 0.313
88300800.00 0.312
88322400.00 0.312
88344000.00 0.312
88365600.00 0.312
88387200.00 0.312
88408800.00 0.312
88430400.00 0.312
88452000.00 0.312
88473600.00 0.312
88495200.00 0.312
88516800.00 0.312
88538400.00 0.311
88560000.00 0.311
88581600.00 0.311
88603200.00 0.311
88624800.00 0.311
88646400.00 0.311
88668000.00 0.311
88689600.00 0.311
88711200.00 0.311
88732800.00 0.311
88754400.00 0.311
88776000.00 0.311
88797600.00 0.311
88819200.00 0.311
88840800.00 0.311
88862400.00 0.311
88884000.00 0.311
88905600.00 0.311
88927200.00 0.311
88948800.00 0.311
88970400.00 0.311
88992000.00 0.311
89013600.00 0.311
89035200.00 0.31
89056800.00 0.31
89078400.00 0.31
89100000.00 0.31
89121600.00 0.31
89143200.00 0.31
89164800.00 0.31
89186400.00 0.31
89208000.00 0.31
89229600.00 0.31
89251200.00 0.31
89272800.00 0.31
89294400.00 0.31
89316000.00 0.31
89337600.00 0.31
89359200.00 0.31
89380800.00 0.31
89402400.00 0.31
89424000.00 0.31
89445600.00 0.31
89467200.00 0.31
89488800.00 0.31
89510400.00 0.31
89532000.00 0.31
89553600.00 0.31
89575200.00 0.31
89596800.00 0.31
89618400.00 0.31
89640000.00 0.31
89661600.00 0.31
89683200.00 0.31
89704800.00 0.31
89726400.00 0.31
89748000.00 0.31
89769600.00 0.31
89791200.00 0.31
89812800.00 0.31
89834400.00 0.31
89856000.00 0.31
89877600.00 0.31
89899200.00 0.31
89920800.00 0.31
89942400.00 0.31
89964000.00 0.31
89985600.00 0.31
90007200.00 0.31
90028800.00 0.31
90050400.00 0.31
90072000.00 0.31
90093600.00 0.31
90115200.00 0.31
90136800.00 0.31
90158400.00 0.31
90180000.00 0.31
90201600.00 0.31
90223200.00 0.31
90244800.00 0.31
90266400.00 0.31
90288000.00 0.31
90309600.00 0.31
90331200.00 0.31
90352800.00 0.31
90374400.00 0.31
90396000.00 0.31
90417600.00 0.31
90439200.00 0.31
90460800.00 0.31
90482400.00 0.31
90504000.00 0.31
90525600.00 0.31
90547200.00 0.31
90568800.00 0.31
90590400.00 0.31
90612000.00 0.31
90633600.00 0.31
90655200.00 0.31
90676800.00 0.31
90698400.00 0.31
90720000.00 0.31
90741600.00 0.31
90763200.00 0.31
90784800.00 0.31
90806400.00 0.31
90828000.00 0.31
90849600.00 0.31
90871200.00 0.31
90892800.00 0.31
90914400.00 0.31
90936000.00 0.31
90957600.00 0.31
90979200.00 0.31
91000800.00 0.31
91022400.00 0.31
91044000.00 0.31
91065600.00 0.31
91087200.00 0.31
91108800.00 0.31
91130400.00 0.31
91152000.00 0.31
91173600.00 0.31
91195200.00 0.31
91216800.00 0.31
91238400.00 0.31
91260000.00 0.31
91281600.00 0.31
91303200.00 0.31
91324800.00 0.31
91346400.00 0.31
91368000.00 0.31
91389600.00 0.31
91411200.00 0.31
91432800.00 0.31
91454400.00 0.31
91476000.00 0.31
91497600.00 0.31
91519200.00 0.31
91540800.00 0.31
91562400.00 0.31
91584000.00 0.31
91605600.00 0.31
91627200.00 0.31
91648800.00 0.31
91670400.00 0.31
91692000.00 0.31
91713600.00 0.31
91735200.00 0.31
91756800.00 0.31
91778400.00 0.31
91800000.00 0.31
91821600.00 0.31
91843200.00 0.31
91864800.00 0.31
91886400.00 0.31
91908000.00 0.31
91929600.00 0.31
91951200.00 0.31
91972800.00 0.31
91994400.00 0.31
92016000.00 0.31
92037600.00 0.31
92059200.00 0.31
92080800.00 0.31
92102400.00 0.31
92124000.00 0.31
92145600.00 0.31
92167200.00 0.31
92188800.00 0.31
92210400.00 0.31
92232000.00 0.31
92253600.00 0.31
92275200.00 0.31
92296800.00 0.31
92318400.00 0.31
92340000.00 0.31
92361600.00 0.31
92383200.00 0.31
92404800.00 0.31
92426400.00 0.31
92448000.00 0.31
92469600.00 0.31
92491200.00 0.31
92512800.00 0.31
92534400.00 0.31
92556000.00 0.31
92577600.00 0.31
92599200.00 0.31
92620800.00 0.31
92642400.00 0.31
92664000.00 0.31
92685600.00 0.31
92707200.00 0.31
92728800.00 0.31
92750400.00 0.31
92772000.00 0.31
92793600.00 0.31
92815200.00 0.31
92836800.00 0.31
92858400.00 0.31
92880000.00 0.31
92901600.00 0.31
92923200.00 0.31
92944800.00 0.31
92966400.00 0.31
92988000.00 0.31
93009600.00 0.31
93031200.00 0.31
93052800.00 0.31
93074400.00 0.31
93096000.00 0.31
93117600.00 0.31
93139200.00 0.31
93160800.00 0.31
93182400.00 0.31
93204000.00 0.31
93225600.00 0.31
93247200.00 0.31
93268800.00 0.31
93290400.00 0.31
93312000.00 0.31
93333600.00 0.31
93355200.00 0.31
93376800.00 0.31
93398400.00 0.31
93420000.00 0.31
93441600.00 0.31
93463200.00 0.31
93484800.00 0.31
93506400.00 0.31
93528000.00 0.31
93549600.00 0.31
93571200.00 0.31
93592800.00 0.31
93614400.00 0.31
93636000.00 0.31
93657600.00 0.31
93679200.00 0.31
93700800.00 0.31
93722400.00 0.31
93744000.00 0.31
93765600.00 0.31
93787200.00 0.31
93808800.00 0.31
93830400.00 0.31
93852000.00 0.31
93873600.00 0.31
93895200.00 0.31
93916800.00 0.31
93938400.00 0.31
93960000.00 0.31
93981600.00 0.31
94003200.00 0.31
94024800.00 0.31
94046400.00 0.31
94068000.00 0.31
94089600.00 0.31
94111200.00 0.31
94132800.00 0.31
94154400.00 0.31
94176000.00 0.31
94197600.00 0.31
94219200.00 0.31
94240800.00 0.31
94262400.00 0.31
94284000.00 0.31
94305600.00 0.31
94327200.00 0.31
94348800.00 0.31
94370400.00 0.31
94392000.00 0.31
94413600.00 0.31
94435200.00 0.31
94456800.00 0.31
94478400.00 0.31
94500000.00 0.31
94521600.00 0.31
94543200.00 0.31
94564800.00 0.31
94608000.00 0.31
