1095
0.00 86400.00 14.02
86400.00 172800.00 13.91
172800.00 259200.00 13.8
259200.00 345600.00 13.7
345600.00 432000.00 13.58
432000.00 518400.00 13.48
518400.00 604800.00 13.36
604800.00 691200.00 13.25
691200.00 777600.00 13.13
777600.00 864000.00 13.02
864000.00 950400.00 12.9
950400.00 1036800.00 12.79
1036800.00 1123200.00 12.67
1123200.00 1209600.00 12.55
1209600.00 1296000.00 12.44
1296000.00 1382400.00 12.32
1382400.00 1468800.00 12.2
1468800.00 1555200.00 12.08
1555200.00 1641600.00 11.94
1641600.00 1728000.00 11.83
1728000.00 1814400.00 11.7
1814400.00 1900800.00 11.58
1900800.00 1987200.00 11.46
1987200.00 2073600.00 11.33
2073600.00 2160000.00 11.21
2160000.00 2246400.00 11.08
2246400.00 2332800.00 10.96
2332800.00 2419200.00 10.84
2419200.00 2505600.00 10.71
2505600.00 2592000.00 10.58
2592000.00 2678400.00 10.46
2678400.00 2764800.00 10.33
2764800.00 2851200.00 10.2
2851200.00 2937600.00 10.07
2937600.00 3024000.00 9.95
3024000.00 3110400.00 9.82
3110400.00 3196800.00 9.7
3196800.00 3283200.00 9.57
3283200.00 3369600.00 9.44
3369600.00 3456000.00 9.31
3456000.00 3542400.00 9.19
3542400.00 3628800.00 9.06
3628800.00 3715200.00 8.94
3715200.00 3801600.00 8.81
3801600.00 3888000.00 8.68
3888000.00 3974400.00 8.56
3974400.00 4060800.00 8.43
4060800.00 4147200.00 8.31
4147200.00 4233600.00 8.19
4233600.00 4320000.00 8.06
4320000.00 4406400.00 7.94
4406400.00 4492800.00 7.82
4492800.00 4579200.00 7.7
4579200.00 4665600.00 7.58
4665600.00 4752000.00 7.46
4752000.00 4838400.00 7.33
4838400.00 4924800.00 7.22
4924800.00 5011200.00 7.1
5011200.00 5097600.00 6.98
5097600.00 5184000.00 6.87
5184000.00 5270400.00 6.75
5270400.00 5356800.00 6.64
5356800.00 5443200.00 6.53
5443200.00 5529600.00 6.41
5529600.00 5616000.00 6.3
5616000.00 5702400.00 6.19
5702400.00 5788800.00 6.08
5788800.00 5875200.00 5.97
5875200.00 5961600.00 5.87
5961600.00 6048000.00 5.76
6048000.00 6134400.00 5.65
6134400.00 6220800.00 5.55
6220800.00 6307200.00 5.46
6307200.00 6393600.00 5.35
6393600.00 6480000.00 5.25
6480000.00 6566400.00 5.15
6566400.00 6652800.00 5.06
6652800.00 6739200.00 4.96
6739200.00 6825600.00 4.87
6825600.00 6912000.00 4.78
6912000.00 6998400.00 4.69
6998400.00 7084800.00 4.6
7084800.00 7171200.00 4.51
7171200.00 7257600.00 4.42
7257600.00 7344000.00 4.34
7344000.00 7430400.00 4.26
7430400.00 7516800.00 4.18
7516800.00 7603200.00 4.1
7603200.00 7689600.00 4.02
7689600.00 7776000.00 3.95
7776000.00 7862400.00 3.87
7862400.00 7948800.00 3.8
7948800.00 8035200.00 3.73
8035200.00 8121600.00 3.66
8121600.00 8208000.00 3.6
8208000.00 8294400.00 3.53
8294400.00 8380800.00 3.47
8380800.00 8467200.00 3.41
8467200.00 8553600.00 3.35
8553600.00 8640000.00 3.29
8640000.00 8726400.00 3.24
8726400.00 8812800.00 3.18
8812800.00 8899200.00 3.13
8899200.00 8985600.00 3.08
8985600.00 9072000.00 3.03
9072000.00 9158400.00 2.99
9158400.00 9244800.00 2.94
9244800.00 9331200.00 2.9
9331200.00 9417600.00 2.87
9417600.00 9504000.00 2.83
9504000.00 9590400.00 2.79
9590400.00 9676800.00 2.76
9676800.00 9763200.00 2.73
9763200.00 9849600.00 2.7
9849600.00 9936000.00 2.67
9936000.00 10022400.00 2.65
10022400.00 10108800.00 2.63
10108800.00 10195200.00 2.61
10195200.00 10281600.00 2.59
10281600.00 10368000.00 2.58
10368000.00 10454400.00 2.56
10454400.00 10540800.00 2.55
10540800.00 10627200.00 2.54
10627200.00 10713600.00 2.54
10713600.00 10800000.00 2.53
10800000.00 10886400.00 2.53
10886400.00 10972800.00 2.53
10972800.00 11059200.00 2.53
11059200.00 11145600.00 2.53
11145600.00 11232000.00 2.54
11232000.00 11318400.00 2.55
11318400.00 11404800.00 2.56
11404800.00 11491200.00 2.57
11491200.00 11577600.00 2.59
11577600.00 11664000.00 2.6
11664000.00 11750400.00 2.62
11750400.00 11836800.00 2.64
11836800.00 11923200.00 2.67
11923200.00 12009600.00 2.69
12009600.00 12096000.00 2.72
12096000.00 12182400.00 2.75
12182400.00 12268800.00 2.79
12268800.00 12355200.00 2.82
12355200.00 12441600.00 2.85
12441600.00 12528000.00 2.89
12528000.00 12614400.00 2.93
12614400.00 12700800.00 2.98
12700800.00 12787200.00 3.02
12787200.00 12873600.00 3.07
12873600.00 12960000.00 3.12
12960000.00 13046400.00 3.16
13046400.00 13132800.00 3.22
13132800.00 13219200.00 3.27
13219200.00 13305600.00 3.33
13305600.00 13392000.00 3.39
13392000.00 13478400.00 3.45
13478400.00 13564800.00 3.51
13564800.00 13651200.00 3.58
13651200.00 13737600.00 3.64
13737600.00 13824000.00 3.71
13824000.00 13910400.00 3.78
13910400.00 13996800.00 3.85
13996800.00 14083200.00 3.93
14083200.00 14169600.00 4
14169600.00 14256000.00 4.08
14256000.00 14342400.00 4.16
14342400.00 14428800.00 4.24
14428800.00 14515200.00 4.33
14515200.00 14601600.00 4.41
14601600.00 14688000.00 4.49
14688000.00 14774400.00 4.58
14774400.00 14860800.00 4.66
14860800.00 14947200.00 4.76
14947200.00 15033600.00 4.85
15033600.00 15120000.00 4.94
15120000.00 15206400.00 5.04
15206400.00 15292800.00 5.13
15292800.00 15379200.00 5.23
15379200.00 15465600.00 5.33
15465600.00 15552000.00 5.43
15552000.00 15638400.00 5.53
15638400.00 15724800.00 5.64
15724800.00 15811200.00 5.73
15811200.00 15897600.00 5.84
15897600.00 15984000.00 5.95
15984000.00 16070400.00 6.06
16070400.00 16156800.00 6.17
16156800.00 16243200.00 6.27
16243200.00 16329600.00 6.39
16329600.00 16416000.00 6.5
16416000.00 16502400.00 6.61
16502400.00 16588800.00 6.72
16588800.00 16675200.00 6.84
16675200.00 16761600.00 6.96
16761600.00 16848000.00 7.07
16848000.00 16934400.00 7.19
16934400.00 17020800.00 7.31
17020800.00 17107200.00 7.43
17107200.00 17193600.00 7.54
17193600.00 17280000.00 7.67
17280000.00 17366400.00 7.79
17366400.00 17452800.00 7.91
17452800.00 17539200.00 8.04
17539200.00 17625600.00 8.16
17625600.00 17712000.00 8.29
17712000.00 17798400.00 8.4
17798400.00 17884800.00 8.54
17884800.00 17971200.00 8.66
17971200.00 18057600.00 8.78
18057600.00 18144000.00 8.91
18144000.00 18230400.00 9.03
18230400.00 18316800.00 9.16
18316800.00 18403200.00 9.28
18403200.00 18489600.00 9.43
18489600.00 18576000.00 9.54
18576000.00 18662400.00 9.67
18662400.00 18748800.00 9.8
18748800.00 18835200.00 9.92
18835200.00 18921600.00 10.05
18921600.00 19008000.00 10.17
19008000.00 19094400.00 10.3
19094400.00 19180800.00 10.43
19180800.00 19267200.00 10.55
19267200.00 19353600.00 10.68
19353600.00 19440000.00 10.8
19440000.00 19526400.00 10.93
19526400.00 19612800.00 11.05
19612800.00 19699200.00 11.18
19699200.00 19785600.00 11.31
19785600.00 19872000.00 11.43
19872000.00 19958400.00 11.56
19958400.00 20044800.00 11.67
20044800.00 20131200.00 11.8
20131200.00 20217600.00 11.93
20217600.00 20304000.00 12.04
20304000.00 20390400.00 12.17
20390400.00 20476800.00 12.29
20476800.00 20563200.00 12.41
20563200.00 20649600.00 12.52
20649600.00 20736000.00 12.64
20736000.00 20822400.00 12.76
20822400.00 20908800.00 12.88
20908800.00 20995200.00 13
20995200.00 21081600.00 13.11
21081600.00 21168000.00 13.22
21168000.00 21254400.00 13.33
21254400.00 21340800.00 13.45
21340800.00 21427200.00 13.56
21427200.00 21513600.00 13.66
21513600.00 21600000.00 13.78
21600000.00 21686400.00 13.89
21686400.00 21772800.00 13.99
21772800.00 21859200.00 14.09
21859200.00 21945600.00 14.2
21945600.00 22032000.00 14.3
22032000.00 22118400.00 14.4
22118400.00 22204800.00 14.5
22204800.00 22291200.00 14.6
22291200.00 22377600.00 14.7
22377600.00 22464000.00 14.8
22464000.00 22550400.00 14.89
22550400.00 22636800.00 14.98
22636800.00 22723200.00 15.07
22723200.00 22809600.00 15.16
22809600.00 22896000.00 15.25
22896000.00 22982400.00 15.34
22982400.00 23068800.00 15.43
23068800.00 23155200.00 15.51
23155200.00 23241600.00 15.59
23241600.00 23328000.00 15.67
23328000.00 23414400.00 15.74
23414400.00 23500800.00 15.82
23500800.00 23587200.00 15.9
23587200.00 23673600.00 15.97
23673600.00 23760000.00 16.04
23760000.00 23846400.00 16.11
23846400.00 23932800.00 16.18
23932800.00 24019200.00 16.24
24019200.00 24105600.00 16.31
24105600.00 24192000.00 16.37
24192000.00 24278400.00 16.43
24278400.00 24364800.00 16.49
24364800.00 24451200.00 16.54
24451200.00 24537600.00 16.6
24537600.00 24624000.00 16.65
24624000.00 24710400.00 16.7
24710400.00 24796800.00 16.75
24796800.00 24883200.00 16.8
24883200.00 24969600.00 16.84
24969600.00 25056000.00 16.88
25056000.00 25142400.00 16.92
25142400.00 25228800.00 16.96
25228800.00 25315200.00 17
25315200.00 25401600.00 17.03
25401600.00 25488000.00 17.06
25488000.00 25574400.00 17.09
25574400.00 25660800.00 17.12
25660800.00 25747200.00 17.14
25747200.00 25833600.00 17.17
25833600.00 25920000.00 17.19
25920000.00 26006400.00 17.21
26006400.00 26092800.00 17.22
26092800.00 26179200.00 17.24
26179200.00 26265600.00 17.25
26265600.00 26352000.00 17.26
26352000.00 26438400.00 17.27
26438400.00 26524800.00 17.27
26524800.00 26611200.00 17.28
26611200.00 26697600.00 17.28
26697600.00 26784000.00 17.28
26784000.00 26870400.00 17.27
26870400.00 26956800.00 17.27
26956800.00 27043200.00 17.26
27043200.00 27129600.00 17.25
27129600.00 27216000.00 17.24
27216000.00 27302400.00 17.23
27302400.00 27388800.00 17.21
27388800.00 27475200.00 17.19
27475200.00 27561600.00 17.17
27561600.00 27648000.00 17.15
27648000.00 27734400.00 17.12
27734400.00 27820800.00 17.1
27820800.00 27907200.00 17.07
27907200.00 27993600.00 17.04
27993600.00 28080000.00 17
28080000.00 28166400.00 16.97
28166400.00 28252800.00 16.93
28252800.00 28339200.00 16.89
28339200.00 28425600.00 16.85
28425600.00 28512000.00 16.8
28512000.00 28598400.00 16.76
28598400.00 28684800.00 16.71
28684800.00 28771200.00 16.66
28771200.00 28857600.00 16.61
28857600.00 28944000.00 16.56
28944000.00 29030400.00 16.5
29030400.00 29116800.00 16.45
29116800.00 29203200.00 16.39
29203200.00 29289600.00 16.32
29289600.00 29376000.00 16.26
29376000.00 29462400.00 16.19
29462400.00 29548800.00 16.13
29548800.00 29635200.00 16.06
29635200.00 29721600.00 15.99
29721600.00 29808000.00 15.91
29808000.00 29894400.00 15.84
29894400.00 29980800.00 15.76
29980800.00 30067200.00 15.69
30067200.00 30153600.00 15.61
30153600.00 30240000.00 15.53
30240000.00 30326400.00 15.44
30326400.00 30412800.00 15.36
30412800.00 30499200.00 15.27
30499200.00 30585600.00 15.19
30585600.00 30672000.00 15.1
30672000.00 30758400.00 15
30758400.00 30844800.00 14.91
30844800.00 30931200.00 14.81
30931200.00 31017600.00 14.72
31017600.00 31104000.00 14.63
31104000.00 31190400.00 14.53
31190400.00 31276800.00 14.43
31276800.00 31363200.00 14.33
31363200.00 31449600.00 14.22
31449600.00 31536000.00 14.12
31536000.00 31622400.00 14.02
31622400.00 31708800.00 13.91
31708800.00 31795200.00 13.8
31795200.00 31881600.00 13.7
31881600.00 31968000.00 13.58
31968000.00 32054400.00 13.48
32054400.00 32140800.00 13.36
32140800.00 32227200.00 13.25
32227200.00 32313600.00 13.13
32313600.00 32400000.00 13.02
32400000.00 32486400.00 12.9
32486400.00 32572800.00 12.79
32572800.00 32659200.00 12.67
32659200.00 32745600.00 12.55
32745600.00 32832000.00 12.44
32832000.00 32918400.00 12.32
32918400.00 33004800.00 12.2
33004800.00 33091200.00 12.08
33091200.00 33177600.00 11.94
33177600.00 33264000.00 11.83
33264000.00 33350400.00 11.7
33350400.00 33436800.00 11.58
33436800.00 33523200.00 11.46
33523200.00 33609600.00 11.33
33609600.00 33696000.00 11.21
33696000.00 33782400.00 11.08
33782400.00 33868800.00 10.96
33868800.00 33955200.00 10.84
33955200.00 34041600.00 10.71
34041600.00 34128000.00 10.58
34128000.00 34214400.00 10.46
34214400.00 34300800.00 10.33
34300800.00 34387200.00 10.2
34387200.00 34473600.00 10.07
34473600.00 34560000.00 9.95
34560000.00 34646400.00 9.82
34646400.00 34732800.00 9.7
34732800.00 34819200.00 9.57
34819200.00 34905600.00 9.44
34905600.00 34992000.00 9.31
34992000.00 35078400.00 9.19
35078400.00 35164800.00 9.06
35164800.00 35251200.00 8.94
35251200.00 35337600.00 8.81
35337600.00 35424000.00 8.68
35424000.00 35510400.00 8.56
35510400.00 35596800.00 8.43
35596800.00 35683200.00 8.31
35683200.00 35769600.00 8.19
35769600.00 35856000.00 8.06
35856000.00 35942400.00 7.94
35942400.00 36028800.00 7.82
36028800.00 36115200.00 7.7
36115200.00 36201600.00 7.58
36201600.00 36288000.00 7.46
36288000.00 36374400.00 7.33
36374400.00 36460800.00 7.22
36460800.00 36547200.00 7.1
36547200.00 36633600.00 6.98
36633600.00 36720000.00 6.87
36720000.00 36806400.00 6.75
36806400.00 36892800.00 6.64
36892800.00 36979200.00 6.53
36979200.00 37065600.00 6.41
37065600.00 37152000.00 6.3
37152000.00 37238400.00 6.19
37238400.00 37324800.00 6.08
37324800.00 37411200.00 5.97
37411200.00 37497600.00 5.87
37497600.00 37584000.00 5.76
37584000.00 37670400.00 5.65
37670400.00 37756800.00 5.55
37756800.00 37843200.00 5.46
37843200.00 37929600.00 5.35
37929600.00 38016000.00 5.25
38016000.00 38102400.00 5.15
38102400.00 38188800.00 5.06
38188800.00 38275200.00 4.96
38275200.00 38361600.00 4.87
38361600.00 38448000.00 4.78
38448000.00 38534400.00 4.69
38534400.00 38620800.00 4.6
38620800.00 38707200.00 4.51
38707200.00 38793600.00 4.42
38793600.00 38880000.00 4.34
38880000.00 38966400.00 4.26
38966400.00 39052800.00 4.18
39052800.00 39139200.00 4.1
39139200.00 39225600.00 4.02
39225600.00 39312000.00 3.95
39312000.00 39398400.00 3.87
39398400.00 39484800.00 3.8
39484800.00 39571200.00 3.73
39571200.00 39657600.00 3.66
39657600.00 39744000.00 3.6
39744000.00 39830400.00 3.53
39830400.00 39916800.00 3.47
39916800.00 40003200.00 3.41
40003200.00 40089600.00 3.35
40089600.00 40176000.00 3.29
40176000.00 40262400.00 3.24
40262400.00 40348800.00 3.18
40348800.00 40435200.00 3.13
40435200.00 40521600.00 3.08
40521600.00 40608000.00 3.03
40608000.00 40694400.00 2.99
40694400.00 40780800.00 2.94
40780800.00 40867200.00 2.9
40867200.00 40953600.00 2.87
40953600.00 41040000.00 2.83
41040000.00 41126400.00 2.79
41126400.00 41212800.00 2.76
41212800.00 41299200.00 2.73
41299200.00 41385600.00 2.7
41385600.00 41472000.00 2.67
41472000.00 41558400.00 2.65
41558400.00 41644800.00 2.63
41644800.00 41731200.00 2.61
41731200.00 41817600.00 2.59
41817600.00 41904000.00 2.58
41904000.00 41990400.00 2.56
41990400.00 42076800.00 2.55
42076800.00 42163200.00 2.54
42163200.00 42249600.00 2.54
42249600.00 42336000.00 2.53
42336000.00 42422400.00 2.53
42422400.00 42508800.00 2.53
42508800.00 42595200.00 2.53
42595200.00 42681600.00 2.53
42681600.00 42768000.00 2.54
42768000.00 42854400.00 2.55
42854400.00 42940800.00 2.56
42940800.00 43027200.00 2.57
43027200.00 43113600.00 2.59
43113600.00 43200000.00 2.6
43200000.00 43286400.00 2.62
43286400.00 43372800.00 2.64
43372800.00 43459200.00 2.67
43459200.00 43545600.00 2.69
43545600.00 43632000.00 2.72
43632000.00 43718400.00 2.75
43718400.00 43804800.00 2.79
43804800.00 43891200.00 2.82
43891200.00 43977600.00 2.85
43977600.00 44064000.00 2.89
44064000.00 44150400.00 2.93
44150400.00 44236800.00 2.98
44236800.00 44323200.00 3.02
44323200.00 44409600.00 3.07
44409600.00 44496000.00 3.12
44496000.00 44582400.00 3.16
44582400.00 44668800.00 3.22
44668800.00 44755200.00 3.27
44755200.00 44841600.00 3.33
44841600.00 44928000.00 3.39
44928000.00 45014400.00 3.45
45014400.00 45100800.00 3.51
45100800.00 45187200.00 3.58
45187200.00 45273600.00 3.64
45273600.00 45360000.00 3.71
45360000.00 45446400.00 3.78
45446400.00 45532800.00 3.85
45532800.00 45619200.00 3.93
45619200.00 45705600.00 4
45705600.00 45792000.00 4.08
45792000.00 45878400.00 4.16
45878400.00 45964800.00 4.24
45964800.00 46051200.00 4.33
46051200.00 46137600.00 4.41
46137600.00 46224000.00 4.49
46224000.00 46310400.00 4.58
46310400.00 46396800.00 4.66
46396800.00 46483200.00 4.76
46483200.00 46569600.00 4.85
46569600.00 46656000.00 4.94
46656000.00 46742400.00 5.04
46742400.00 46828800.00 5.13
46828800.00 46915200.00 5.23
46915200.00 47001600.00 5.33
47001600.00 47088000.00 5.43
47088000.00 47174400.00 5.53
47174400.00 47260800.00 5.64
47260800.00 47347200.00 5.73
47347200.00 47433600.00 5.84
47433600.00 47520000.00 5.95
47520000.00 47606400.00 6.06
47606400.00 47692800.00 6.17
47692800.00 47779200.00 6.27
47779200.00 47865600.00 6.39
47865600.00 47952000.00 6.5
47952000.00 48038400.00 6.61
48038400.00 48124800.00 6.72
48124800.00 48211200.00 6.84
48211200.00 48297600.00 6.96
48297600.00 48384000.00 7.07
48384000.00 48470400.00 7.19
48470400.00 48556800.00 7.31
48556800.00 48643200.00 7.43
48643200.00 48729600.00 7.54
48729600.00 48816000.00 7.67
48816000.00 48902400.00 7.79
48902400.00 48988800.00 7.91
48988800.00 49075200.00 8.04
49075200.00 49161600.00 8.16
49161600.00 49248000.00 8.29
49248000.00 49334400.00 8.4
49334400.00 49420800.00 8.54
49420800.00 49507200.00 8.66
49507200.00 49593600.00 8.78
49593600.00 49680000.00 8.91
49680000.00 49766400.00 9.03
49766400.00 49852800.00 9.16
49852800.00 49939200.00 9.28
49939200.00 50025600.00 9.43
50025600.00 50112000.00 9.54
50112000.00 50198400.00 9.67
50198400.00 50284800.00 9.8
50284800.00 50371200.00 9.92
50371200.00 50457600.00 10.05
50457600.00 50544000.00 10.17
50544000.00 50630400.00 10.3
50630400.00 50716800.00 10.43
50716800.00 50803200.00 10.55
50803200.00 50889600.00 10.68
50889600.00 50976000.00 10.8
50976000.00 51062400.00 10.93
51062400.00 51148800.00 11.05
51148800.00 51235200.00 11.18
51235200.00 51321600.00 11.31
51321600.00 51408000.00 11.43
51408000.00 51494400.00 11.56
51494400.00 51580800.00 11.67
51580800.00 51667200.00 11.8
51667200.00 51753600.00 11.93
51753600.00 51840000.00 12.04
51840000.00 51926400.00 12.17
51926400.00 52012800.00 12.29
52012800.00 52099200.00 12.41
52099200.00 52185600.00 12.52
52185600.00 52272000.00 12.64
52272000.00 52358400.00 12.76
52358400.00 52444800.00 12.88
52444800.00 52531200.00 13
52531200.00 52617600.00 13.11
52617600.00 52704000.00 13.22
52704000.00 52790400.00 13.33
52790400.00 52876800.00 13.45
52876800.00 52963200.00 13.56
52963200.00 53049600.00 13.66
53049600.00 53136000.00 13.78
53136000.00 53222400.00 13.89
53222400.00 53308800.00 13.99
53308800.00 53395200.00 14.09
53395200.00 53481600.00 14.2
53481600.00 53568000.00 14.3
53568000.00 53654400.00 14.4
53654400.00 53740800.00 14.5
53740800.00 53827200.00 14.6
53827200.00 53913600.00 14.7
53913600.00 54000000.00 14.8
54000000.00 54086400.00 14.89
54086400.00 54172800.00 14.98
54172800.00 54259200.00 15.07
54259200.00 54345600.00 15.16
54345600.00 54432000.00 15.25
54432000.00 54518400.00 15.34
54518400.00 54604800.00 15.43
54604800.00 54691200.00 15.51
54691200.00 54777600.00 15.59
54777600.00 54864000.00 15.67
54864000.00 54950400.00 15.74
54950400.00 55036800.00 15.82
55036800.00 55123200.00 15.9
55123200.00 55209600.00 15.97
55209600.00 55296000.00 16.04
55296000.00 55382400.00 16.11
55382400.00 55468800.00 16.18
55468800.00 55555200.00 16.24
55555200.00 55641600.00 16.31
55641600.00 55728000.00 16.37
55728000.00 55814400.00 16.43
55814400.00 55900800.00 16.49
55900800.00 55987200.00 16.54
55987200.00 56073600.00 16.6
56073600.00 56160000.00 16.65
56160000.00 56246400.00 16.7
56246400.00 56332800.00 16.75
56332800.00 56419200.00 16.8
56419200.00 56505600.00 16.84
56505600.00 56592000.00 16.88
56592000.00 56678400.00 16.92
56678400.00 56764800.00 16.96
56764800.00 56851200.00 17
56851200.00 56937600.00 17.03
56937600.00 57024000.00 17.06
57024000.00 57110400.00 17.09
57110400.00 57196800.00 17.12
57196800.00 57283200.00 17.14
57283200.00 57369600.00 17.17
57369600.00 57456000.00 17.19
57456000.00 57542400.00 17.21
57542400.00 57628800.00 17.22
57628800.00 57715200.00 17.24
57715200.00 57801600.00 17.25
57801600.00 57888000.00 17.26
57888000.00 57974400.00 17.27
57974400.00 58060800.00 17.27
58060800.00 58147200.00 17.28
58147200.00 58233600.00 17.28
58233600.00 58320000.00 17.28
58320000.00 58406400.00 17.27
58406400.00 58492800.00 17.27
58492800.00 58579200.00 17.26
58579200.00 58665600.00 17.25
58665600.00 58752000.00 17.24
58752000.00 58838400.00 17.23
58838400.00 58924800.00 17.21
58924800.00 59011200.00 17.19
59011200.00 59097600.00 17.17
59097600.00 59184000.00 17.15
59184000.00 59270400.00 17.12
59270400.00 59356800.00 17.1
59356800.00 59443200.00 17.07
59443200.00 59529600.00 17.04
59529600.00 59616000.00 17
59616000.00 59702400.00 16.97
59702400.00 59788800.00 16.93
59788800.00 59875200.00 16.89
59875200.00 59961600.00 16.85
59961600.00 60048000.00 16.8
60048000.00 60134400.00 16.76
60134400.00 60220800.00 16.71
60220800.00 60307200.00 16.66
60307200.00 60393600.00 16.61
60393600.00 60480000.00 16.56
60480000.00 60566400.00 16.5
60566400.00 60652800.00 16.45
60652800.00 60739200.00 16.39
60739200.00 60825600.00 16.32
60825600.00 60912000.00 16.26
60912000.00 60998400.00 16.19
60998400.00 61084800.00 16.13
61084800.00 61171200.00 16.06
61171200.00 61257600.00 15.99
61257600.00 61344000.00 15.91
61344000.00 61430400.00 15.84
61430400.00 61516800.00 15.76
61516800.00 61603200.00 15.69
61603200.00 61689600.00 15.61
61689600.00 61776000.00 15.53
61776000.00 61862400.00 15.44
61862400.00 61948800.00 15.36
61948800.00 62035200.00 15.27
62035200.00 62121600.00 15.19
62121600.00 62208000.00 15.1
62208000.00 62294400.00 15
62294400.00 62380800.00 14.91
62380800.00 62467200.00 14.81
62467200.00 62553600.00 14.72
62553600.00 62640000.00 14.63
62640000.00 62726400.00 14.53
62726400.00 62812800.00 14.43
62812800.00 62899200.00 14.33
62899200.00 62985600.00 14.22
62985600.00 63072000.00 14.12
63072000.00 63158400.00 14.02
63158400.00 63244800.00 13.91
63244800.00 63331200.00 13.8
63331200.00 63417600.00 13.7
63417600.00 63504000.00 13.58
63504000.00 63590400.00 13.48
63590400.00 63676800.00 13.36
63676800.00 63763200.00 13.25
63763200.00 63849600.00 13.13
63849600.00 63936000.00 13.02
63936000.00 64022400.00 12.9
64022400.00 64108800.00 12.79
64108800.00 64195200.00 12.67
64195200.00 64281600.00 12.55
64281600.00 64368000.00 12.44
64368000.00 64454400.00 12.32
64454400.00 64540800.00 12.2
64540800.00 64627200.00 12.08
64627200.00 64713600.00 11.94
64713600.00 64800000.00 11.83
64800000.00 64886400.00 11.7
64886400.00 64972800.00 11.58
64972800.00 65059200.00 11.46
65059200.00 65145600.00 11.33
65145600.00 65232000.00 11.21
65232000.00 65318400.00 11.08
65318400.00 65404800.00 10.96
65404800.00 65491200.00 10.84
65491200.00 65577600.00 10.71
65577600.00 65664000.00 10.58
65664000.00 65750400.00 10.46
65750400.00 65836800.00 10.33
65836800.00 65923200.00 10.2
65923200.00 66009600.00 10.07
66009600.00 66096000.00 9.95
66096000.00 66182400.00 9.82
66182400.00 66268800.00 9.7
66268800.00 66355200.00 9.57
66355200.00 66441600.00 9.44
66441600.00 66528000.00 9.31
66528000.00 66614400.00 9.19
66614400.00 66700800.00 9.06
66700800.00 66787200.00 8.94
66787200.00 66873600.00 8.81
66873600.00 66960000.00 8.68
66960000.00 67046400.00 8.56
67046400.00 67132800.00 8.43
67132800.00 67219200.00 8.31
67219200.00 67305600.00 8.19
67305600.00 67392000.00 8.06
67392000.00 67478400.00 7.94
67478400.00 67564800.00 7.82
67564800.00 67651200.00 7.7
67651200.00 67737600.00 7.58
67737600.00 67824000.00 7.46
67824000.00 67910400.00 7.33
67910400.00 67996800.00 7.22
67996800.00 68083200.00 7.1
68083200.00 68169600.00 6.98
68169600.00 68256000.00 6.87
68256000.00 68342400.00 6.75
68342400.00 68428800.00 6.64
68428800.00 68515200.00 6.53
68515200.00 68601600.00 6.41
68601600.00 68688000.00 6.3
68688000.00 68774400.00 6.19
68774400.00 68860800.00 6.08
68860800.00 68947200.00 5.97
68947200.00 69033600.00 5.87
69033600.00 69120000.00 5.76
69120000.00 69206400.00 5.65
69206400.00 69292800.00 5.55
69292800.00 69379200.00 5.46
69379200.00 69465600.00 5.35
69465600.00 69552000.00 5.25
69552000.00 69638400.00 5.15
69638400.00 69724800.00 5.06
69724800.00 69811200.00 4.96
69811200.00 69897600.00 4.87
69897600.00 69984000.00 4.78
69984000.00 70070400.00 4.69
70070400.00 70156800.00 4.6
70156800.00 70243200.00 4.51
70243200.00 70329600.00 4.42
70329600.00 70416000.00 4.34
70416000.00 70502400.00 4.26
70502400.00 70588800.00 4.18
70588800.00 70675200.00 4.1
70675200.00 70761600.00 4.02
70761600.00 70848000.00 3.95
70848000.00 70934400.00 3.87
70934400.00 71020800.00 3.8
71020800.00 71107200.00 3.73
71107200.00 71193600.00 3.66
71193600.00 71280000.00 3.6
71280000.00 71366400.00 3.53
71366400.00 71452800.00 3.47
71452800.00 71539200.00 3.41
71539200.00 71625600.00 3.35
71625600.00 71712000.00 3.29
71712000.00 71798400.00 3.24
71798400.00 71884800.00 3.18
71884800.00 71971200.00 3.13
71971200.00 72057600.00 3.08
72057600.00 72144000.00 3.03
72144000.00 72230400.00 2.99
72230400.00 72316800.00 2.94
72316800.00 72403200.00 2.9
72403200.00 72489600.00 2.87
72489600.00 72576000.00 2.83
72576000.00 72662400.00 2.79
72662400.00 72748800.00 2.76
72748800.00 72835200.00 2.73
72835200.00 72921600.00 2.7
72921600.00 73008000.00 2.67
73008000.00 73094400.00 2.65
73094400.00 73180800.00 2.63
73180800.00 73267200.00 2.61
73267200.00 73353600.00 2.59
73353600.00 73440000.00 2.58
73440000.00 73526400.00 2.56
73526400.00 73612800.00 2.55
73612800.00 73699200.00 2.54
73699200.00 73785600.00 2.54
73785600.00 73872000.00 2.53
73872000.00 73958400.00 2.53
73958400.00 74044800.00 2.53
74044800.00 74131200.00 2.53
74131200.00 74217600.00 2.53
74217600.00 74304000.00 2.54
74304000.00 74390400.00 2.55
74390400.00 74476800.00 2.56
74476800.00 74563200.00 2.57
74563200.00 74649600.00 2.59
74649600.00 74736000.00 2.6
74736000.00 74822400.00 2.62
74822400.00 74908800.00 2.64
74908800.00 74995200.00 2.67
74995200.00 75081600.00 2.69
75081600.00 75168000.00 2.72
75168000.00 75254400.00 2.75
75254400.00 75340800.00 2.79
75340800.00 75427200.00 2.82
75427200.00 75513600.00 2.85
75513600.00 75600000.00 2.89
75600000.00 75686400.00 2.93
75686400.00 75772800.00 2.98
75772800.00 75859200.00 3.02
75859200.00 75945600.00 3.07
75945600.00 76032000.00 3.12
76032000.00 76118400.00 3.16
76118400.00 76204800.00 3.22
76204800.00 76291200.00 3.27
76291200.00 76377600.00 3.33
76377600.00 76464000.00 3.39
76464000.00 76550400.00 3.45
76550400.00 76636800.00 3.51
76636800.00 76723200.00 3.58
76723200.00 76809600.00 3.64
76809600.00 76896000.00 3.71
76896000.00 76982400.00 3.78
76982400.00 77068800.00 3.85
77068800.00 77155200.00 3.93
77155200.00 77241600.00 4
77241600.00 77328000.00 4.08
77328000.00 77414400.00 4.16
77414400.00 77500800.00 4.24
77500800.00 77587200.00 4.33
77587200.00 77673600.00 4.41
77673600.00 77760000.00 4.49
77760000.00 77846400.00 4.58
77846400.00 77932800.00 4.66
77932800.00 78019200.00 4.76
78019200.00 78105600.00 4.85
78105600.00 78192000.00 4.94
78192000.00 78278400.00 5.04
78278400.00 78364800.00 5.13
78364800.00 78451200.00 5.23
78451200.00 78537600.00 5.33
78537600.00 78624000.00 5.43
78624000.00 78710400.00 5.53
78710400.00 78796800.00 5.64
78796800.00 78883200.00 5.73
78883200.00 78969600.00 5.84
78969600.00 79056000.00 5.95
79056000.00 79142400.00 6.06
79142400.00 79228800.00 6.17
79228800.00 79315200.00 6.27
79315200.00 79401600.00 6.39
79401600.00 79488000.00 6.5
79488000.00 79574400.00 6.61
79574400.00 79660800.00 6.72
79660800.00 79747200.00 6.84
79747200.00 79833600.00 6.96
79833600.00 79920000.00 7.07
79920000.00 80006400.00 7.19
80006400.00 80092800.00 7.31
80092800.00 80179200.00 7.43
80179200.00 80265600.00 7.54
80265600.00 80352000.00 7.67
80352000.00 80438400.00 7.79
80438400.00 80524800.00 7.91
80524800.00 80611200.00 8.04
80611200.00 80697600.00 8.16
80697600.00 80784000.00 8.29
80784000.00 80870400.00 8.4
80870400.00 80956800.00 8.54
80956800.00 81043200.00 8.66
81043200.00 81129600.00 8.78
81129600.00 81216000.00 8.91
81216000.00 81302400.00 9.03
81302400.00 81388800.00 9.16
81388800.00 81475200.00 9.28
81475200.00 81561600.00 9.43
81561600.00 81648000.00 9.54
81648000.00 81734400.00 9.67
81734400.00 81820800.00 9.8
81820800.00 81907200.00 9.92
81907200.00 81993600.00 10.05
81993600.00 82080000.00 10.17
82080000.00 82166400.00 10.3
82166400.00 82252800.00 10.43
82252800.00 82339200.00 10.55
82339200.00 82425600.00 10.68
82425600.00 82512000.00 10.8
82512000.00 82598400.00 10.93
82598400.00 82684800.00 11.05
82684800.00 82771200.00 11.18
82771200.00 82857600.00 11.31
82857600.00 82944000.00 11.43
82944000.00 83030400.00 11.56
83030400.00 83116800.00 11.67
83116800.00 83203200.00 11.8
83203200.00 83289600.00 11.93
83289600.00 83376000.00 12.04
83376000.00 83462400.00 12.17
83462400.00 83548800.00 12.29
83548800.00 83635200.00 12.41
83635200.00 83721600.00 12.52
83721600.00 83808000.00 12.64
83808000.00 83894400.00 12.76
83894400.00 83980800.00 12.88
83980800.00 84067200.00 13
84067200.00 84153600.00 13.11
84153600.00 84240000.00 13.22
84240000.00 84326400.00 13.33
84326400.00 84412800.00 13.45
84412800.00 84499200.00 13.56
84499200.00 84585600.00 13.66
84585600.00 84672000.00 13.78
84672000.00 84758400.00 13.89
84758400.00 84844800.00 13.99
84844800.00 84931200.00 14.09
84931200.00 85017600.00 14.2
85017600.00 85104000.00 14.3
85104000.00 85190400.00 14.4
85190400.00 85276800.00 14.5
85276800.00 85363200.00 14.6
85363200.00 85449600.00 14.7
85449600.00 85536000.00 14.8
85536000.00 85622400.00 14.89
85622400.00 85708800.00 14.98
85708800.00 85795200.00 15.07
85795200.00 85881600.00 15.16
85881600.00 85968000.00 15.25
85968000.00 86054400.00 15.34
86054400.00 86140800.00 15.43
86140800.00 86227200.00 15.51
86227200.00 86313600.00 15.59
86313600.00 86400000.00 15.67
86400000.00 86486400.00 15.74
86486400.00 86572800.00 15.82
86572800.00 86659200.00 15.9
86659200.00 86745600.00 15.97
86745600.00 86832000.00 16.04
86832000.00 86918400.00 16.11
86918400.00 87004800.00 16.18
87004800.00 87091200.00 16.24
87091200.00 87177600.00 16.31
87177600.00 87264000.00 16.37
87264000.00 87350400.00 16.43
87350400.00 87436800.00 16.49
87436800.00 87523200.00 16.54
87523200.00 87609600.00 16.6
87609600.00 87696000.00 16.65
87696000.00 87782400.00 16.7
87782400.00 87868800.00 16.75
87868800.00 87955200.00 16.8
87955200.00 88041600.00 16.84
88041600.00 88128000.00 16.88
88128000.00 88214400.00 16.92
88214400.00 88300800.00 16.96
88300800.00 88387200.00 17
88387200.00 88473600.00 17.03
88473600.00 88560000.00 17.06
88560000.00 88646400.00 17.09
88646400.00 88732800.00 17.12
88732800.00 88819200.00 17.14
88819200.00 88905600.00 17.17
88905600.00 88992000.00 17.19
88992000.00 89078400.00 17.21
89078400.00 89164800.00 17.22
89164800.00 89251200.00 17.24
89251200.00 89337600.00 17.25
89337600.00 89424000.00 17.26
89424000.00 89510400.00 17.27
89510400.00 89596800.00 17.27
89596800.00 89683200.00 17.28
89683200.00 89769600.00 17.28
89769600.00 89856000.00 17.28
89856000.00 89942400.00 17.27
89942400.00 90028800.00 17.27
90028800.00 90115200.00 17.26
90115200.00 90201600.00 17.25
90201600.00 90288000.00 17.24
90288000.00 90374400.00 17.23
90374400.00 90460800.00 17.21
90460800.00 90547200.00 17.19
90547200.00 90633600.00 17.17
90633600.00 90720000.00 17.15
90720000.00 90806400.00 17.12
90806400.00 90892800.00 17.1
90892800.00 90979200.00 17.07
90979200.00 91065600.00 17.04
91065600.00 91152000.00 17
91152000.00 91238400.00 16.97
91238400.00 91324800.00 16.93
91324800.00 91411200.00 16.89
91411200.00 91497600.00 16.85
91497600.00 91584000.00 16.8
91584000.00 91670400.00 16.76
91670400.00 91756800.00 16.71
91756800.00 91843200.00 16.66
91843200.00 91929600.00 16.61
91929600.00 92016000.00 16.56
92016000.00 92102400.00 16.5
92102400.00 92188800.00 16.45
92188800.00 92275200.00 16.39
92275200.00 92361600.00 16.32
92361600.00 92448000.00 16.26
92448000.00 92534400.00 16.19
92534400.00 92620800.00 16.13
92620800.00 92707200.00 16.06
92707200.00 92793600.00 15.99
92793600.00 92880000.00 15.91
92880000.00 92966400.00 15.84
92966400.00 93052800.00 15.76
93052800.00 93139200.00 15.69
93139200.00 93225600.00 15.61
93225600.00 93312000.00 15.53
93312000.00 93398400.00 15.44
93398400.00 93484800.00 15.36
93484800.00 93571200.00 15.27
93571200.00 93657600.00 15.19
93657600.00 93744000.00 15.1
93744000.00 93830400.00 15
93830400.00 93916800.00 14.91
93916800.00 94003200.00 14.81
94003200.00 94089600.00 14.72
94089600.00 94176000.00 14.63
94176000.00 94262400.00 14.53
94262400.00 94348800.00 14.43
94348800.00 94435200.00 14.33
94435200.00 94521600.00 14.22
94521600.00 94608000.00 14.12
